7059
6893
4031
11558
3075
5967
13248
1182
7598
11536
1142
2628
6070
13117
4153
4112
3727
2825
14944
8110
14247
3826
3932
6145
2248
12209
5528
14431
3233
6514
1446
13334
7094
6617
911
1113
8740
6206
5115
4932
6967
553
768
4580
10147
8812
82
1894
9846
12556
2036
11343
10945
9775
12261
9742
4377
1045
11396
10562
1062
2103
9251
815
13134
4529
14627
10973
11064
8768
13131
10889
12755
6200
7836
7201
3226
4486
5126
5172
5953
2898
567
444
4485
11866
12154
8676
5406
8446
5776
13529
1260
11940
238
5967
4514
6373
1691
10348
1157
14066
9805
276
10040
1997
540
4664
6535
201
7849
7005
1618
8893
14159
13296
4964
13559
11978
11595
13145
14730
6469
3679
6542
1635
6330
11770
6037
1490
12834
796
8100
13607
9365
9160
14366
5057
6291
8486
4272
2114
8533
10298
6879
4177
5653
128
447
9410
1821
6987
5875
13804
5496
8701
12589
2890
11168
11052
12974
7813
13007
1217
8944
4992
7755
8456
11749
1085
11717
2528
3605
7473
4178
12798
2241
5982
2109
3511
1968
66
13489
8187
7344
13175
14096
13627
8053
8503
10112
6482
6068
11868
1377
2854
3706
6917
12642
8917
3672
4385
7668
2995
4668
4624
3504
7098
13681
131
4804
8362
13530
7270
504
8372
11771
3938
2727
5835
4554
2363
10243
10572
11527
13777
11333
14296
374
14171
13409
1143
7086
12847
4210
13436
566
3002
11950
10632
7643
1041
4235
1940
2105
13857
3110
10562
13841
5785
6064
5045
6681
4455
355
682
11031
12254
5481
1473
14903
12636
11158
578
9413
7962
629
9743
7372
3139
1671
5679
11039
6725
10118
3848
2632
8756
13269
12625
8709
7001
3004
3320
11989
10856
10967
9010
1727
4608
10645
7662
11217
9288
3709
2507
13540
14811
430
152
4128
11660
1544
14363
6250
13787
6387
6033
13020
1991
4661
7267
6998
9465
6661
10070
11007
8738
9312
2603
11229
1741
12870
3480
6211
2197
604
12063
7828
12070
11337
10243
7843
11283
7164
8649
6128
2427
11195
2787
9148
9679
7685
12042
4803
13648
4366
7045
2228
6367
4347
3348
7625
13148
2417
6890
9746
10528
8100
14219
11102
7007
291
7939
13498
5820
10843
349
8991
11437
1914
5743
4860
9030
4460
9346
13683
3618
2672
8342
7116
3102
1741
12978
4466
1920
3768
8199
9653
14538
14174
3793
12659
5487
13454
8508
9040
5178
1613
11115
13628
3203
5135
13880
6974
13349
3821
6418
669
7034
12349
399
10104
4395
3888
13068
774
4739
623
57
1732
578
3523
447
2261
11965
11205
14562
5387
10356
10226
12447
4294
13706
6666
13520
272
12034
11325
5343
8260
5149
3385
2000
3593
6793
9897
10039
11042
11883
10900
7458
4750
6093
2562
3687
145
14492
3142
1053
6422
13447
4151
685
10715
2520
11537
8329
7508
576
14245
3048
4423
7812
9990
4270
2952
12937
597
5154
5228
12222
11738
12739
446
14622
4424
7862
12009
14713
3083
5283
9002
12639
7576
12015
3085
2813
13993
4316
14402
10563
11574
6304
2595
8462
10588
681
1520
1561
13535
9518
13760
8221
14492
582
8524
798
13961
2165
14026
12865
14063
6892
2949
12214
11407
2466
12068
1346
12501
9834
14645
4672
14024
1726
1680
14136
2826
2047
605
2492
7979
14085
7538
939
4737
3013
11660
5347
2745
634
12835
7780
13337
2866
1054
7545
3272
12910
8794
13474
9744
5581
9896
11678
14026
774
1052
462
3568
6525
9483
6652
14913
4649
2926
5027
2267
9399
496
89
14065
12148
544
11885
12379
7537
9078
101
12513
4065
9864
8147
12626
4597
9783
6447
728
9748
554
1662
3895
14619
399
11057
2040
6847
1758
3732
1094
11453
3645
7938
12929
10432
14730
6197
11880
7576
10751
12444
5195
6490
2347
12906
2269
7267
1902
14940
4999
14796
497
5553
14111
14171
13565
3816
8785
11163
6339
8893
14450
3233
12687
12900
6066
9055
3438
331
1752
7002
12770
13231
4099
590
3781
8889
9012
1319
11818
9211
9426
11908
1662
13543
3734
10373
7166
9131
11287
2921
4440
942
14784
11138
12173
5079
11921
1427
5183
2492
6124
12176
14802
7212
13727
6612
2173
5825
7417
6825
13066
12408
8313
6918
5296
10638
6504
10757
7351
12300
12407
7292
14303
3908
8765
3912
9620
10669
658
5805
13948
4482
8345
1801
9483
5229
5297
9647
997
12039
6260
1201
2146
8774
7684
502
13117
10435
380
10200
3241
4712
11724
14290
9638
10412
7281
12642
5515
1958
14162
5288
9186
11695
10981
1929
12416
9219
6748
4633
4199
4449
3538
9206
13532
3645
10283
3182
12313
10123
12536
5922
6923
13852
5536
8770
9622
11668
10438
10760
8315
2329
1035
7820
815
13118
5819
10949
2175
12215
12737
11346
1190
3565
1467
12944
14664
8449
572
5324
5537
5490
14369
12487
8457
13297
1859
434
3903
12484
7561
4042
4443
11259
11597
1186
14227
11334
3863
14599
10302
13341
14639
14411
11852
13493
6482
11861
10950
10709
4731
7136
10913
5912
11492
1804
5867
12720
5427
8828
12597
1262
7193
606
3294
4318
2889
13018
279
7519
5337
958
1306
2815
550
8293
11537
6932
14235
7749
768
4044
658
3669
2035
4363
13739
8124
5149
12886
2695
3339
11288
9998
7097
10914
7228
8168
3669
5790
298
1441
14682
5450
7669
6949
282
12303
6061
175
9598
4742
5464
3163
7972
14822
12963
7409
5161
8042
5266
5653
6836
8200
6031
9282
9255
2773
11578
10569
9414
11820
11080
6463
10560
5842
9836
13150
10367
10595
1715
8109
11662
9318
9355
13871
13011
10333
3227
5209
4027
10498
13150
3974
12741
12485
3348
13297
4865
6334
4642
5371
12322
13271
14888
4542
5850
12245
11226
14917
9056
12167
5254
14213
13736
299
4723
3066
13828
14786
7826
1518
2829
11775
13704
11897
12019
116
10228
4821
4347
9090
12689
7519
1305
2146
9458
6229
2651
7115
8223
11843
1318
5860
8904
561
13348
3852
6821
3740
5198
2609
2228
13682
13271
10499
14795
9562
8000
9856
4132
10223
7338
879
9956
8053
6997
10297
7989
5669
7280
5249
5182
9617
3843
5360
5358
7821
12245
3485
8871
9978
8614
3073
7370
12643
6282
7641
2265
13203
732
311
7989
9469
2695
3882
8649
4104
11752
4416
9153
10598
272
8790
14426
5019
36
4196
2780
255
1393
52
12063
6961
12288
10293
14654
12936
2007
6515
14919
147
1980
14932
196
11117
13492
12624
13942
13899
9641
6040
12090
12349
11383
7224
11246
924
23
5740
9800
718
5975
11749
10555
961
1150
13228
957
12689
9809
12780
9533
13817
5230
2016
4618
7320
7024
8974
8979
1759
6451
1549
1407
848
14585
7381
8903
6299
10649
8209
5520
659
10396
14118
6476
4346
1849
10681
3620
8626
13272
4436
10853
13727
686
9698
591
3822
14801
7146
14871
13096
4694
2168
7181
9613
3071
3435
13627
6209
5478
4664
14509
5120
3276
44
9923
5575
7754
11296
455
11061
197
6829
6592
10487
5270
5963
12918
4964
12557
8695
700
9419
3595
13965
14958
10758
4252
6903
9614
6808
14790
13007
1804
2738
7457
9754
8958
14204
8951
3566
14740
13905
7604
2649
7433
5799
2624
13635
6871
13679
10240
2521
3515
3328
14101
7853
10753
4990
4758
1645
4033
5346
5588
989
7912
10744
4997
10820
14619
881
7245
822
10227
9662
1732
6928
2026
7462
3107
5386
8190
1494
7020
9869
8334
13520
13877
9586
11048
6608
10436
3867
12019
5167
1590
6199
13809
14961
12176
3158
906
2347
1160
11244
11131
4429
13039
7043
1992
14363
13799
8727
13087
13529
6284
9325
8145
4782
7305
9763
2796
13509
1354
2118
11675
708
8234
1073
938
14806
4489
4028
9792
1438
940
7851
12140
2897
1202
7715
11919
1489
8498
1016
3239
3501
637
11822
3902
7997
10490
8829
3416
7178
6797
2289
4075
7500
12678
12890
11212
8293
6652
3033
1215
2084
13547
3509
8408
8351
5116
1007
14365
9916
2719
14454
5793
13716
1906
635
4532
142
6250
2069
800
12699
271
12617
13261
2168
13797
3772
12013
7025
2599
7120
3087
14308
12659
5927
10558
7669
7894
11328
14856
11817
8698
1086
3366
10076
11133
6381
11927
9287
4127
9615
13304
8746
4500
13682
11242
12430
7186
5688
1191
6201
10485
10580
6283
9227
13678
2657
14685
1325
11870
5430
11886
456
5387
12800
9042
2079
3582
2025
5948
9595
10379
1441
14755
2590
1424
3407
7999
12099
158
446
7065
14615
7679
10047
9651
9051
13719
6096
2347
3384
8595
12408
11919
5193
13462
6329
6374
12813
3733
7873
4428
11324
12983
2365
9449
92
7204
12059
6480
11080
11745
9701
13424
9653
5774
4500
5005
12086
6622
8483
577
11507
8839
3700
14388
1481
5311
8247
9385
3962
10286
1574
3165
826
11635
2049
2152
5711
12221
12251
2600
10374
12698
4951
4523
12295
5578
10260
7130
7728
12940
11902
6872
6946
12591
13091
11694
867
10047
9976
2566
10803
11160
8122
5929
545
2749
14998
13094
7495
11074
8935
245
2074
486
12537
10088
12114
12119
994
8778
6471
4948
13281
4201
14550
9060
1706
4206
5990
8497
12778
877
7206
13493
9856
9454
9020
9461
5561
2980
7090
2578
9412
11271
14366
14297
8644
313
12280
4645
12710
10671
9899
11638
4390
5999
12759
6671
8017
263
10585
8209
12761
4745
10637
13640
6456
3449
884
6621
7934
7979
4735
4770
8323
10499
6533
39
9302
5862
14552
11620
8763
6498
10693
13723
1846
11171
8608
3070
12837
1172
14480
13450
874
69
7153
12177
14948
587
1863
10801
6150
4731
14259
9905
2654
10722
3949
5337
10384
12865
4287
5729
14849
12920
7625
3633
2107
4092
7727
121
14324
1211
8595
10204
7915
3214
11407
13897
9701
6512
13778
5291
9092
343
3089
14455
6736
2700
8081
14535
2605
7922
10434
8876
14009
9563
5563
517
11474
14603
14337
3907
12981
2623
4948
11175
14519
1014
6644
12813
12426
4835
14541
99
5484
2394
12245
4114
7241
162
11494
8698
1526
8104
535
2182
6627
14024
467
5243
1095
13017
1254
9728
11652
622
6647
10786
11171
10774
4705
7156
2182
2137
3161
1952
8893
3928
6340
13791
8188
9806
12843
10606
2552
948
727
987
10432
6868
9391
398
11959
112
14889
2106
527
13391
7895
179
13195
5266
1022
14376
5367
12969
14739
14297
12733
13459
8579
7617
937
1300
1876
9761
10930
4460
5739
9851
496
6629
10483
10286
4900
7138
10246
14780
2139
7080
8988
12213
762
2730
4623
11142
5726
14848
470
7298
5258
9972
10764
13940
9192
12278
4439
7381
11751
7116
8896
7552
14234
9810
2987
10933
10596
5813
921
10707
11364
810
1317
1468
8884
6876
8128
8340
4346
8261
7642
7839
14567
2917
3289
5327
14004
13344
7467
1407
14951
12860
2115
7088
1407
5882
7237
5081
9567
13322
14105
2063
10423
6669
12366
9240
7419
6883
2753
6078
4659
1665
14639
9522
3605
2217
5142
3565
13764
13072
3993
1493
10309
11104
5909
10672
4116
7286
4662
7192
7180
2321
584
5245
13880
14715
712
13547
6069
7398
8304
8680
12440
11483
5937
2668
5157
3259
3904
4656
9208
13005
8141
14017
12448
6731
9382
9740
6811
4430
12787
13446
3642
5933
14737
10866
8644
7973
6028
4124
9377
13537
13185
9690
5807
2109
2105
4318
1854
1902
753
8826
3416
7650
10129
12072
835
5090
233
14945
11280
10692
10228
1743
9006
12752
4535
13758
13964
7439
14079
12423
1731
884
4392
6871
10224
5906
14809
13228
1171
9473
10455
5516
1811
14490
6270
10471
9779
12002
9755
11158
6659
2418
11695
6700
13168
11837
6545
12973
6438
12076
1724
6618
7365
5494
12514
2202
8497
3203
1804
9878
5427
7768
1376
3387
12161
13970
13969
5748
8434
3752
7835
2472
14425
8924
7994
14654
869
7720
10927
11782
10005
13816
11915
11601
355
3887
6734
1886
776
12301
1942
1463
11781
9051
470
319
14578
9508
11727
6151
5799
2099
7952
12193
13402
7493
11021
8660
11691
5399
6435
2674
5947
12562
3701
3981
9619
3056
14829
1340
4554
14468
169
6897
12241
11055
3290
13410
6515
12490
14137
1653
5715
14268
7181
7851
14754
13379
8770
13494
5063
10341
10415
12356
7891
1181
2219
2087
13921
10460
3171
201
9670
13940
2524
11814
8656
11982
3979
3977
2771
12270
11886
8938
6868
2952
1189
6192
1992
4802
10326
5646
10256
13483
8810
11754
1808
10514
8706
5967
1868
4027
11723
2326
8305
7924
6138
13568
12718
10504
10275
12556
5490
6170
1755
11416
2786
6314
14238
13183
5968
12953
868
3329
6385
6231
1153
6015
6011
4368
489
12387
1912
7156
4045
791
9984
1595
14239
6227
965
5758
13510
8902
4155
14483
1620
4212
11841
2987
9183
9007
14880
1991
1670
6475
12408
10457
574
4502
11160
14518
5989
14833
7347
13710
2288
7887
11576
8095
6146
10583
4777
12354
3610
11988
5599
5469
5447
9170
2252
2070
7473
8067
4268
4044
10097
11731
12128
3504
3795
5798
10254
5709
14723
3507
6311
3026
12199
10129
12294
3537
12273
14144
5379
368
14094
7
3994
357
13300
14854
12078
13132
14150
13985
12016
14207
14613
12465
14191
8183
6133
12704
13641
10655
7298
10333
11787
14907
8115
13247
13694
2000
9127
1137
8839
346
2075
369
10857
13345
1336
6546
14223
1212
2853
4602
3355
5547
9770
13766
7088
2776
1496
2241
4009
10040
418
3952
1600
14625
7972
12191
4675
10536
9311
12508
1068
13302
13259
14702
10050
6601
11802
11245
6435
6816
5809
6978
5853
4096
11216
2437
4151
11029
12389
647
11391
7512
1879
9725
8421
12921
13297
6129
6483
14163
1519
10922
7822
10719
1948
3858
2777
10259
3044
7673
11305
10919
8844
7389
4429
13858
10695
7002
13559
12161
14909
8381
8163
14694
10573
4730
14762
6004
9209
13451
12704
5866
10540
763
4701
9550
11035
7902
7587
2423
14497
1267
1269
9965
11375
11334
1341
1805
6041
7706
8332
859
13749
119
14047
6172
1482
7764
12981
5554
9424
11760
4271
1603
7256
13132
7148
12215
7009
11120
373
14167
1695
9183
3606
867
11413
13527
1193
2876
1184
11510
1336
2277
12190
14757
6106
9505
685
4344
5279
8717
11250
12883
9457
10297
13643
852
10449
6604
14952
2017
4370
9533
1260
299
10438
11007
5565
12903
10932
14979
6146
7093
280
12038
12114
5407
8749
219
10354
6705
3700
13109
10589
2864
13883
3843
12773
3461
4736
11074
13537
3317
159
5530
10911
207
8733
8236
4028
12616
9848
13994
7046
9855
7715
11236
13993
4403
3727
6808
8754
8802
133
1816
1937
1963
5511
7101
8808
12219
4982
14453
10037
11960
662
12139
4461
1222
10300
5871
596
5036
9576
13767
11094
1915
6039
11432
1891
3296
5135
5736
10244
1306
11310
3390
8384
4664
4646
7904
12007
102
6005
6035
10313
14109
6148
2308
6817
7375
6793
2702
2655
1755
9094
6112
1594
7108
2491
9655
3470
12858
14413
11436
5277
1609
3807
1854
6613
9665
3940
2050
8720
11806
12469
5587
3821
143
4227
1951
3976
4417
14711
12984
1185
3581
9725
5813
12944
990
14154
3405
14984
3076
5344
1308
5399
8821
14044
11698
1900
4886
13386
8308
6393
13747
8877
3339
8613
9660
14854
14957
3034
4819
395
6443
760
543
134
5624
10637
836
7957
5649
1278
8159
14054
5723
13251
3771
13283
2883
13118
12464
322
8414
3564
14058
4580
4996
11333
11478
328
8178
2177
2767
30
13273
4549
1888
1330
6265
11257
5638
5670
14823
796
6533
4015
3019
7568
9006
12633
5837
12730
13755
9430
7075
4867
2591
3770
1727
12219
8631
291
1438
5686
4168
14645
4138
14312
6081
6667
1427
7485
11107
8909
14833
5571
10843
1039
9503
3176
13793
3045
6457
1794
9334
12733
1966
6026
10918
5485
171
10103
8376
11728
7529
8937
11650
10113
10167
404
807
11842
7769
13094
9675
14133
5052
6232
7953
3285
4452
5998
4117
311
6109
9964
3994
14602
13728
8863
7327
3605
7438
2410
7186
3972
2210
13396
9555
7151
2963
6774
7968
14895
4919
2950
5491
12643
322
7002
3947
11256
5111
13049
7682
73
6628
5485
6749
6749
10976
6291
1829
1854
1103
159
5751
8693
14212
11628
8948
6319
14594
967
8687
1212
10472
3014
14422
5586
956
10696
9125
12795
6693
12437
3911
7810
10317
195
829
13230
289
12318
1149
13801
4212
12964
8984
14910
5231
2287
2610
3020
2597
9117
3303
3520
4994
342
4055
3952
7732
3725
8008
13093
12379
13368
13944
8850
4948
4530
3685
446
11217
2045
8734
2858
10280
4031
11014
13985
4936
5124
10042
2504
14979
10955
11377
11892
7019
3080
13696
13575
6900
1093
4335
4683
3323
1135
10643
13363
8763
12515
6985
12140
6278
1667
9749
2279
13291
10161
10190
14621
5961
982
2464
4861
10217
14805
11687
3743
13050
10471
4368
5132
178
1396
6064
12440
13644
12131
8584
11360
10472
1772
6616
4400
959
13473
1076
10165
7695
6748
9078
12867
8911
6799
7814
5026
7253
12585
2228
3832
12559
12850
8815
4146
4751
1827
10370
3586
10429
13838
4068
2700
14252
8515
2684
10657
3717
846
6320
4459
3413
12780
14464
7116
7359
605
5748
7779
10501
9806
218
9264
2984
6648
11498
979
8275
13169
3650
7685
13737
9836
5109
12084
9750
7553
14516
6687
975
8261
800
2946
10835
840
7354
13104
2846
11525
2642
12742
9842
10574
12090
4484
4736
9386
8598
10841
13873
14802
6518
11645
6593
9795
1443
14056
2084
2287
5654
609
2127
11290
1557
3259
10820
2102
2970
3911
4883
14777
1592
14383
10627
2587
3497
6285
1192
14683
8014
13786
10138
14697
13805
4717
9993
14481
9524
8005
11837
9714
3861
2884
9535
6595
7349
12871
14693
1335
5755
14960
949
6674
2409
2010
3674
2138
4311
3799
13697
7249
14363
14708
1131
4422
9565
8497
7900
754
12524
3162
63
423
11117
11320
3530
11935
13653
4101
4251
11903
9369
9018
1492
4623
1627
4779
10272
9114
3623
3507
11569
7888
13983
13348
6383
4136
12066
1924
7246
11565
5334
3605
3284
3599
3624
11067
2412
6160
12665
4110
6758
764
11692
11198
9929
2121
7495
1687
7177
6994
9742
14229
2090
13498
4929
4290
891
2592
13798
11282
7933
5962
9566
8252
13492
2016
6800
4618
2448
4216
8300
4905
4948
8466
14823
3952
7646
13765
9984
11576
1614
7853
5196
2131
513
12072
11975
6961
5124
2139
11470
5196
2830
9085
13547
10866
8145
7046
5281
11812
7876
12141
1192
8333
12021
14155
10079
2081
13997
239
10782
3131
1278
7359
6731
10724
60
12694
11614
5633
10018
3717
6006
14637
7777
7169
2325
56
10173
13655
2925
9829
901
12069
3693
11089
11649
10568
7995
7726
11304
3326
8295
14881
14332
14773
5315
10859
1920
546
7056
9420
6977
6861
2553
12920
1580
7540
2667
4272
12973
401
7806
8194
1699
7225
9874
4709
2971
4037
8326
10373
4859
10899
12649
5199
4406
7950
11130
5735
254
11899
13235
7281
2877
9699
10474
5702
1016
8621
8058
1809
10410
4434
2218
3778
8412
6929
10525
5574
596
14488
46
1854
7923
1929
690
2301
10602
8340
8579
891
12188
14121
11798
13019
5058
8955
13353
985
829
14927
8701
10805
11819
1502
2673
10791
12153
11596
8154
9909
4599
440
6346
6339
11726
6476
5979
14248
12488
5984
1286
4214
2818
10672
11113
5279
6333
14945
13991
9115
3733
7067
6520
14242
12004
10945
14903
792
12003
12733
1989
8780
527
9007
9639
5348
465
698
13799
13944
5102
4520
12090
10930
5211
11107
1266
2553
14981
6577
4407
12781
5410
1745
154
4946
6237
5694
3858
7679
10
7940
2975
3102
4395
10894
11552
12741
11306
11842
6151
14137
13951
6177
8050
3611
400
1073
14064
3173
9752
6357
10842
12015
9512
6756
14966
587
5258
2277
13706
7696
6193
914
3778
3628
2685
5403
2935
14724
14387
13255
6755
7417
5011
11780
5445
12175
7387
2314
3030
317
14862
5381
3753
9196
12659
5991
13033
13678
5279
817
2835
9433
8539
1443
8780
958
12350
5427
8855
14844
2809
14372
6048
11221
4724
5746
9771
8879
8144
12665
8408
12007
9998
8340
2816
9041
4439
4434
13153
6577
2976
26
8850
8819
8005
10411
4086
10536
5810
7456
13597
3994
7647
723
6186
7828
10005
1087
745
13328
7612
6054
7158
6107
5316
3520
1926
3617
12409
13163
842
11484
10498
12213
13578
4130
13515
4791
2514
12648
953
6569
5667
5410
7943
8936
6048
4360
3235
9408
7300
2468
3699
7506
2962
5326
11438
7799
14198
2331
12096
4351
3337
10445
10460
3280
3061
10984
11960
12656
13606
12425
1139
11444
7788
14673
5707
6726
1225
2783
12263
10908
2589
591
2282
3138
11218
12217
9457
6650
11965
1935
1994
1261
14589
10347
948
12724
12562
2345
13206
8168
13619
9841
10195
14350
1901
14705
10918
12909
14033
14909
5410
14380
8985
4329
2210
158
14046
9175
10936
14138
1778
1525
3566
3253
10273
12922
10513
3633
6563
13519
5081
1586
5531
14714
2416
6148
4168
5773
11524
7387
3503
2391
11462
12210
8077
12663
10295
11874
5279
3442
12903
12924
9407
2538
1247
781
7779
14748
8180
12691
13762
7156
13386
9261
4038
1707
12567
6297
4968
5490
3442
6162
385
11727
14678
10378
676
11914
11323
12682
5476
12100
12857
14261
4840
8759
2436
5390
6217
7242
8438
176
7079
8250
11888
8638
5555
324
879
2847
13900
3810
5557
1328
2150
9259
14781
13460
6809
5748
13046
13074
1910
2076
8767
12997
7288
11315
7504
4722
1417
6670
11247
14957
8652
14138
12325
13255
3216
4916
3057
12442
14781
8031
14724
6072
2984
1171
11966
9620
5723
174
1186
14637
8573
10144
14067
2573
10174
3675
9789
7510
926
9137
2036
14501
14836
9503
4403
12745
1872
4675
10270
5319
10647
12796
5766
9674
8796
3494
6896
623
10884
3545
14433
10049
6178
7916
12665
5023
11145
11653
10598
13581
9010
5595
11702
14864
11207
11368
795
2835
3095
13638
14157
10312
8752
90
6474
7508
7211
12099
703
1822
9976
11559
9445
13084
2153
6852
3931
10977
12065
3409
4207
13859
11654
11839
11612
699
2558
9103
7147
345
5175
10686
6827
9845
5570
14245
7609
1045
12574
2703
9986
12168
9901
7257
10850
13609
651
13255
2711
9657
4016
9443
7863
5358
6563
8507
3599
252
12902
9421
7068
13187
3119
14543
10857
14938
1793
11932
7900
12846
5947
5867
6815
14202
6783
6021
6246
7584
2537
13271
9315
3878
12301
2601
1777
6187
3159
1080
4967
10363
10469
6378
7141
10371
3656
8777
4292
5203
2332
12170
14045
11566
10113
1995
8728
4060
961
10583
6197
12064
5398
2889
9522
10052
6439
3072
4132
10549
7582
4886
3489
11465
12710
11374
6915
11998
10231
1800
10647
3848
1316
6320
10711
1957
14572
11334
3731
6474
11995
11012
14236
5197
3541
2944
4583
13180
5169
3389
11080
3741
7695
94
2405
12585
11294
8153
13908
14261
8010
11869
8904
2673
12094
3086
5534
9860
5544
3976
10300
14767
3663
14725
11867
1226
2988
14113
11213
11863
1449
13429
11740
7154
3074
6716
5425
6343
2108
12803
13608
4450
8875
7081
8517
7072
7233
13517
14117
7215
10968
4856
2379
5858
3962
1482
3561
5485
6484
1917
1600
3289
7456
412
3202
3270
5019
9612
1728
13955
258
13755
14469
5949
6428
10380
4405
6034
8519
6006
33
2050
10500
3754
14380
256
107
13386
1758
14404
13489
1721
8399
13244
9585
8903
5522
10669
6544
3480
10960
10229
10069
1784
2917
3232
5993
9554
6957
2140
11956
11288
9825
8492
10515
291
6185
2068
13532
4883
11868
507
5185
13734
4733
6107
13449
10809
1726
9021
12386
7866
8239
13567
10085
10
3345
1871
9607
2233
12033
11566
2769
2444
8004
1759
14109
3936
13145
13993
9891
7765
2267
2410
4470
3009
9194
4850
13882
10382
12810
14093
8998
7159
14148
10964
13067
3894
3115
13528
1029
10890
959
4080
398
14896
12047
8163
6095
3997
11079
7323
4056
11165
9303
4824
962
4441
10845
1039
9936
14218
7737
2743
9552
10590
4740
3011
5999
11243
12558
10962
5738
7844
530
8047
13505
11413
2403
110
13004
14630
6274
11945
117
6563
2290
13553
10997
2771
14215
14835
4879
1256
8439
2924
8941
7236
1539
3891
10079
7208
4973
3024
927
5258
8010
5422
9970
2105
12489
1100
13088
14831
5487
11339
6383
2780
3513
10496
2633
7582
9303
4990
6203
12778
14818
3683
13774
11016
11535
11380
5726
9282
6628
4659
5514
10136
6135
6757
6891
14427
8691
10726
11315
8443
943
2579
5382
10983
13223
13645
641
8303
1577
3853
10613
2412
4743
160
12380
693
12188
6850
7577
7302
6762
6905
5130
9328
8104
6195
10585
3178
10362
4676
9374
9150
337
11332
13862
14680
9644
2085
11516
4203
11972
12364
4037
1128
9054
8590
4807
9875
11426
265
4490
8451
2579
6896
12129
14528
12589
11475
1588
500
14826
9730
5672
10483
11831
1861
7788
14725
8964
5995
8470
4398
1894
58
6620
12240
6557
6300
2820
7013
2647
184
4538
7254
14254
7857
5582
2271
3729
13928
9654
10879
12373
13763
10335
813
14058
12020
12344
14314
5343
1650
6431
12847
8216
10064
12726
11406
14028
6712
14906
402
9716
13758
5015
579
9931
4109
6277
3940
11132
3481
8758
11145
1267
10745
207
8357
1116
3259
11933
3990
908
1415
2050
13353
8282
9105
5938
6628
11212
14341
1268
8179
11968
1734
7435
2638
10721
11066
1724
757
4876
13652
7090
10472
2734
736
8852
11175
12576
10620
10178
6635
5756
8752
3695
14561
9902
7497
4056
8251
824
9796
8828
13327
4207
13451
2527
14990
705
5234
6151
13791
504
1554
2063
5376
973
4894
6551
12172
13475
7739
14919
2480
7951
3215
1452
4962
6356
14149
14103
13965
8545
9781
6229
8672
11706
6843
242
11532
1934
14216
503
13954
14034
12894
10306
9720
3151
5467
5306
9094
14319
11847
8214
4094
3529
452
12127
12888
6394
6564
2316
8802
8026
7091
3830
11884
203
13436
14749
13510
14424
11706
7444
12002
1946
1973
7666
9707
9403
5799
13834
9536
11085
8769
6342
11395
11491
7205
4243
1519
4232
5842
14153
10140
10888
618
8709
5475
10911
3352
4435
14511
1164
7494
1359
13533
11194
11684
4212
8888
12834
329
7576
930
217
12920
14800
11641
13809
6311
3045
3875
9557
1672
9291
7698
6719
10346
9665
11804
10506
5305
6907
10466
8108
2461
13349
3992
14198
8517
14229
13152
14517
4586
3688
10556
8626
7313
13304
9437
424
1697
492
2821
2525
12340
11625
8541
8076
2351
7214
3071
11137
1603
3989
14652
14182
3585
11237
8665
13847
2553
11221
737
8492
10195
1045
537
3694
3554
787
11729
14244
3388
267
6066
8758
9725
4270
7076
5486
8806
13591
6320
10419
3148
11725
12685
6280
8935
4561
2682
13500
2466
2913
12224
11772
14876
10243
2840
13273
11841
10404
12807
1146
12500
2767
1162
9349
9298
4557
56
12443
7977
7750
13441
6437
4437
5377
7530
9262
7675
14580
1018
1983
527
1246
534
4336
7439
8593
14274
5681
10967
4525
9307
4978
6244
5112
505
860
10125
4038
1577
5411
14222
10362
11166
12744
13559
9427
4492
10959
10062
14271
13491
13592
2599
7381
10936
4129
12791
129
11495
9706
8318
9741
207
2554
12925
1137
11336
10320
9868
13484
13076
13823
2994
8822
11069
13363
7197
7575
11222
7173
2449
3331
14763
8091
13138
11698
1041
7071
1933
601
10999
9604
9875
11863
1828
8659
6941
11398
5738
5229
4779
2884
8337
78
840
2237
4572
7784
5629
2739
7713
1670
7279
8175
4340
5714
5196
8795
5803
2046
11957
7479
9128
5101
5211
916
2837
1045
13783
8169
10639
13554
4706
6445
8487
9549
10401
1437
7937
10969
12724
2057
6304
6187
8092
6935
6571
12162
10415
12489
2521
909
11050
14950
12069
11391
12495
1150
9242
10433
5038
5444
2810
3731
3090
2595
6997
5572
10411
13969
2271
8343
949
1885
6675
10431
9521
4464
10648
3607
14035
10817
838
8482
3495
13922
5848
14137
3487
11028
14398
514
3384
13933
13866
4666
6966
3977
14680
4456
696
14099
8527
806
1361
2797
10852
12076
7291
2333
609
1687
14887
11033
12739
7558
14664
7021
1340
14470
8544
3236
14001
2947
7596
11067
10265
731
6962
12456
14694
476
2179
2814
12497
4722
13612
9589
8204
1766
3223
13832
335
13511
10396
9609
7555
3897
1028
8590
4261
13992
11614
14676
6092
12359
7539
996
13311
6770
7302
4116
7542
10878
11876
7817
9821
6927
5948
1271
5443
8112
5230
3970
13550
1655
11582
7239
1958
11227
147
14694
171
14769
10239
11471
6056
1346
14176
14587
9149
8094
10801
4257
11068
874
2895
8530
5981
9725
5209
6076
11626
7695
12321
9473
8822
4166
13058
8834
14967
6248
10679
3114
14475
4342
556
8961
1620
10475
14559
4427
8769
5483
3868
12399
462
3648
14440
11094
1303
887
6828
11453
8152
65
14596
3789
9562
14557
8031
8522
7942
3625
7373
8350
7419
716
7296
11705
12857
13278
1837
9821
3006
185
1508
2282
13257
351
1806
3370
5956
13654
4832
9071
8767
7740
8251
2081
4027
11813
3301
4652
4588
10995
1073
1623
9097
7366
8782
13481
2183
6260
5253
6794
7537
8918
2319
11864
14329
10101
1385
14937
9954
6736
6842
9817
14556
1208
10574
1233
5315
5383
4262
14792
954
13961
8714
10871
14442
13237
11933
12286
9357
8890
141
13089
2882
3869
3491
8321
899
14989
10660
12092
13154
14312
4073
13798
13953
3923
14948
9848
6371
5191
14903
727
10432
6097
8330
750
13234
7742
7259
10336
1482
3609
12932
13166
9407
2693
809
8048
2532
5071
3210
2852
10257
11028
1333
10338
12731
2311
5850
3246
9980
6624
7806
3463
3759
3944
14044
7637
5097
10761
13865
14066
8006
10826
1149
3208
12321
8512
3653
1660
6135
8373
3706
6952
5807
2001
2024
7982
4011
5765
3848
13467
13774
5541
14145
8221
14013
2013
1075
4625
14495
12647
4452
4127
719
13920
3408
6111
6676
9921
4993
13989
959
891
12913
10844
14194
7815
8142
4491
13253
1646
5608
9271
10226
13268
3691
4445
1619
2784
10736
6529
740
4216
10311
10392
13755
4235
4420
11496
12367
10979
11397
14086
8601
11588
7691
12704
14649
4525
5276
1848
8265
287
13886
1133
1656
11603
4805
796
4344
1702
432
9879
7986
6758
1329
6952
8594
11088
9990
5697
14137
1218
13024
5222
7999
2396
992
7420
11248
13651
7610
6250
4198
4986
7535
11251
224
12808
14446
10152
2299
2188
8662
7927
231
12029
5986
2115
9057
11762
2016
1772
6568
635
13628
9886
10437
3217
11863
1605
2911
12186
12922
13119
3545
12011
1498
13538
12936
14617
13163
4613
7939
624
5021
5642
11316
12255
6357
8411
11309
6510
13489
9494
9087
14699
557
9785
14540
6920
5445
13586
13401
7588
2581
7091
11143
10600
1816
8629
11642
232
10101
5495
6062
1366
10196
4714
9926
129
13108
12585
13861
3554
8497
5355
5966
4346
4751
5847
6281
14344
12971
13411
1326
7787
1552
7022
4174
12958
5620
8876
8035
13324
12998
8335
13811
1736
5968
3547
4590
13814
5502
5604
2565
4083
2216
7568
6319
5980
10746
3216
3972
4296
11769
12847
10135
6178
3395
5987
7163
9261
1136
8350
8652
8032
13185
12887
5671
7027
10211
12269
13682
1941
6393
12651
10619
2257
922
1063
14107
11476
1670
11256
13272
8553
261
5378
3126
11630
260
1279
1979
12651
12686
12840
14873
13964
589
8124
3474
499
1894
7723
5417
3613
7231
3130
13563
204
1981
12488
13130
13176
4246
13551
12183
6859
12963
11208
13434
3476
12894
9413
2835
14240
10682
9856
7923
1197
8728
2239
1392
3380
11080
8473
2857
13396
13059
10662
4282
8019
8854
5213
12036
3891
13789
12902
11050
1928
484
2261
9043
6519
636
6117
11287
13109
1632
13624
8869
277
9716
7642
10942
14870
13923
14800
8904
11330
12512
13089
8004
13768
1095
14323
14313
6901
9210
1328
7561
4443
9526
7177
12779
1032
11420
1343
1235
1309
13138
5091
3624
12217
4259
10963
986
12134
7675
8707
6308
7920
7820
7469
7301
13485
9352
11625
3297
956
13012
5069
1751
3053
2886
6316
12311
12756
1773
9259
8923
8856
3895
6921
2944
8503
6658
3051
2728
10308
10679
13912
2660
14142
14810
10081
2090
11172
10368
10642
2165
10272
1294
9583
10996
9381
9454
6758
5153
7900
1815
3253
12939
13739
13691
8498
12427
6084
14807
8973
4718
2498
2371
5853
394
11441
2896
11421
9629
3801
1978
6617
13937
14536
8745
4546
10016
13012
4216
12300
13662
13143
10261
5930
9214
1913
13409
10924
2517
7382
10194
13015
12847
4775
13283
1687
11790
11728
92
6205
4521
11313
3111
6512
6479
8903
8651
13854
5876
11507
13247
8458
10038
10633
9420
14117
11023
12302
10026
12020
13500
287
2900
3680
5352
11180
5039
291
13970
12387
3003
8367
8714
1615
8790
14007
2499
3997
2890
5620
7983
10390
8720
7468
6327
12985
10194
13856
3985
1800
1610
6326
5508
3155
1603
3693
7812
8726
5359
12258
8902
11266
6826
6060
1499
10587
5134
14502
4550
10910
6936
12178
13089
8156
13902
3283
9417
3283
7078
10410
6064
10269
7327
101
8514
4815
13570
9995
3151
7392
3054
14901
8395
6684
5356
6657
9510
7073
14351
5114
10028
11204
4853
10078
5290
11269
13149
1576
6040
10082
8163
13259
7564
10539
7435
11322
2337
9562
14665
8748
6636
10123
8030
12253
4104
12432
5978
6747
1725
12890
4748
9679
11174
1908
9302
10092
1025
4162
11917
4738
7771
2404
5131
6105
1137
13411
3283
9684
6639
7161
9345
5332
5879
12839
6287
5065
12527
12763
14674
7141
9467
12822
10721
3755
10070
10521
1537
12207
4076
9234
6750
11879
6032
9739
3259
6866
11776
7652
2317
6604
5924
2844
660
9344
5833
4424
4919
5806
4
7404
6016
12866
6400
14620
12763
4614
3645
5012
6405
5632
5571
11857
290
3829
2085
2047
6419
7679
6819
5000
3076
10214
9543
2313
5254
4602
13799
11733
2113
8664
2721
11549
13172
3168
13535
4006
12460
11250
13670
13815
2347
13794
13981
5370
1270
3134
7037
9757
2075
4900
948
10161
10193
10366
6690
11739
8365
9141
9418
9587
2150
4546
6709
10860
7905
6514
9225
4672
2491
4374
11759
5837
11399
4338
10118
6078
9519
14062
11839
3766
6286
14105
11186
5808
4393
8632
11399
7762
8826
217
4675
10780
404
11078
7837
6471
5568
10589
4168
3275
11629
6417
9372
10451
9188
9126
7141
8259
959
7597
2287
440
3702
10086
11904
12586
2498
3301
2553
12490
4062
4303
13902
6073
13344
12605
11825
14979
5112
7294
11402
9443
14741
6527
12810
12499
14937
4244
5553
14157
2603
11443
4017
1613
7571
1858
9814
14106
12420
4382
13875
3499
5091
7089
8772
9193
3533
5189
4231
8456
4079
7751
1314
10773
7788
5573
8221
12293
1463
14991
8197
3986
2563
5023
7513
9590
14732
2650
13973
1950
3168
3602
13934
3836
6528
13489
8301
11839
14626
11612
10461
4438
13605
12302
6632
2829
7824
1141
6593
10612
175
10889
5264
10928
10039
9478
13101
12142
5619
14912
5780
5666
9842
4407
11142
7013
1578
2632
3852
13678
6373
6376
5761
5933
13421
10506
2427
4147
7998
2537
13762
8707
11077
10676
4287
1135
10330
12669
949
12510
4257
314
13979
2773
13638
6963
8753
7016
12043
2865
4128
7344
4618
5700
5224
1415
11850
11141
11115
11229
7551
786
404
8293
2766
7309
141
8725
9826
14173
6072
14404
3269
14743
9659
8758
1844
8152
4868
13295
13317
1756
5179
8444
11298
7522
3784
9828
811
12203
12456
13544
11819
13629
7040
11558
2434
12966
5049
790
6010
10289
13327
7002
8869
13305
11250
2078
12844
1577
7430
5772
9388
6090
5396
10549
4444
6498
6221
5586
814
908
3553
8536
2232
10529
9036
6157
5865
14042
3573
12384
2461
9033
2415
9953
10865
325
9527
14155
1113
7560
4225
9835
2837
11873
5517
201
13180
9006
12158
8570
965
13691
13854
1611
11313
2666
6601
10212
7438
1150
12622
11534
8850
140
7880
13370
12659
14346
12611
9385
2222
13138
7884
6343
9840
4328
8620
1912
12725
3139
1060
9130
3964
1204
148
6148
2678
12938
9785
12317
126
14124
6448
4236
10942
65
14110
7841
1247
8132
962
5129
12834
2072
10881
6623
166
2897
5129
3159
14393
3710
7240
13086
11102
8320
11570
13493
6038
965
8487
1533
5494
7015
6645
4453
598
6978
338
14416
7219
13663
2388
11717
5707
14839
536
7471
2179
1240
2812
14391
5587
7252
14849
11725
7266
9129
9600
7961
12199
13083
2447
12390
13703
13094
7154
4117
5769
773
641
9621
14758
7139
2038
2449
4692
13634
4008
6150
12835
12238
11780
9025
9809
7015
2887
11804
5937
11940
3057
11837
3057
2347
1247
4888
13506
9848
4257
3130
502
3059
13937
444
6641
13979
2407
3594
9734
2373
13304
394
12685
7989
14487
13446
11651
7969
5194
5549
4188
14281
3110
10373
11606
8531
9315
14492
7251
8987
11581
9360
9938
2165
3989
9345
9240
3821
8333
4389
11873
11688
275
3405
10872
9809
10733
2008
1801
11801
5457
652
12687
2900
8266
11790
1930
8129
10922
2140
10879
11436
96
8648
5310
13138
4406
14254
2518
10520
11996
2038
8240
8933
6611
13854
136
13236
2659
2036
7040
1920
12203
5279
10695
13761
4380
2279
4209
4352
185
4236
8924
7342
3116
9800
8947
2746
13639
8568
10033
12152
7922
1718
2062
3178
8851
879
1808
3024
9751
3819
243
3450
13807
13058
6069
12049
9647
5999
9716
12129
11060
12655
14516
6066
11301
14592
4270
9472
9980
1151
8939
6010
7979
1572
2659
214
8375
9090
5813
13144
8840
5619
5378
8236
8484
3092
5256
12168
14610
10076
819
13112
12351
4739
9376
6194
2650
2770
10795
8521
11570
1340
4981
8607
11381
7710
10445
2547
1407
8563
670
6791
9099
13665
7507
4841
4295
14949
13300
2738
12153
9609
10977
667
12704
3300
3821
10526
2510
7046
9131
1816
1391
3938
2499
10674
4684
4215
1927
9408
9016
14843
3494
11375
7045
12155
12787
8548
4144
13667
3837
6601
12503
7661
4747
9880
609
1616
6762
11082
8570
8104
980
2998
2267
4216
4424
7161
6787
13136
4707
1740
2113
13946
14990
13526
1539
8256
3468
1357
5778
9753
9097
5816
13234
266
12774
12559
4400
8438
10701
4102
5863
9594
9139
7426
1870
12915
12287
12236
8936
4490
7480
2208
6454
7354
4458
4092
8786
2103
12892
6987
1789
14182
14903
1662
14259
6429
11802
7226
2254
2982
6736
5042
11765
8137
2500
7181
12712
11247
11206
14287
4716
1266
5035
197
12639
12018
14794
8139
2336
1800
5496
878
9614
8398
5675
14633
2840
8119
14666
4125
12192
9935
14557
3581
997
8320
1045
6059
12150
10888
14896
5921
5061
4418
13253
11809
6109
361
12486
9955
3079
8421
11813
185
11529
4314
9424
9447
13580
10277
10296
10217
2079
9452
7452
8612
10623
7701
852
4576
2386
8986
5666
13962
8244
7872
9113
4864
12154
5270
7614
13043
4253
1007
8467
3784
14659
14311
7754
38
8424
10813
8715
14183
9625
12156
2296
3250
5052
11808
4094
14968
10465
3158
9418
9453
14886
13521
5683
3902
5902
105
8855
10127
1437
11569
8176
7270
5970
6240
10865
4559
11665
603
11039
1421
7381
14141
14564
4828
11034
4133
4036
1189
13273
6487
5648
12659
12947
1226
7127
183
2328
3693
8479
13149
7555
5086
14752
2957
12272
8421
12548
381
4937
8494
9480
14051
7745
11967
13321
4898
12666
6140
36
13912
12545
2528
2445
3058
7736
3820
8703
11683
11251
5328
12347
8270
7873
14506
8102
9875
10220
4639
5192
14096
2218
11302
2342
908
2955
2665
11227
14228
11386
2264
12548
10527
4855
5302
6493
9352
6902
2100
11763
8098
7332
9776
9917
870
5003
5745
4226
13777
1310
9154
9775
1512
4829
8810
9023
12548
10096
13733
4536
2809
10978
14903
8118
5145
11624
14301
8068
4459
5439
14836
8751
844
5077
7268
4239
548
3901
12690
10215
12131
11885
6689
873
12657
1438
8771
10015
6245
11095
13139
3095
4849
2568
14430
4387
8595
4114
14483
11042
10517
684
8765
13206
13053
13835
3509
11958
6119
11863
2194
9260
14126
3130
12439
11652
11779
13053
11906
6904
10992
12723
14319
345
13773
9627
9180
10089
13424
8433
6279
2879
8882
7319
3592
14761
4578
7800
4667
3311
5620
8534
9081
5639
10668
6075
12067
13874
12343
3028
11906
7369
7501
1596
1178
3322
12228
12968
463
10052
8898
533
5584
14638
129
12370
11992
9142
6991
1008
2383
7131
6306
5898
1142
9728
4384
1590
6704
7895
2033
12059
10429
10184
3201
4171
3090
2654
2076
10751
12555
10197
11003
11207
13765
971
4051
5204
9608
13169
3579
2339
3764
5843
4650
3287
14138
7995
9617
10394
12950
7663
2753
8187
2103
5214
2243
11753
4898
2563
4401
3476
2699
7539
2443
6094
2656
5122
14661
7535
10052
4756
4354
519
1388
10466
1344
2372
1797
8003
7431
3047
2875
10722
10623
6798
4525
3422
5494
10486
6912
5865
14505
8989
11111
5189
7640
5676
4562
8934
190
13420
4906
12910
1041
9115
3300
613
1300
7172
819
8407
5609
4953
9017
13207
10986
10618
13261
6861
10541
11360
9912
13972
1908
2479
10971
12348
2736
10279
7254
7837
8088
4257
8718
12734
12086
6540
3014
14491
13646
9048
10869
13958
8650
6359
4382
9848
8400
9721
1842
8680
11689
5211
149
11885
347
6479
13433
14313
5590
73
13973
10860
24
8792
14007
421
7656
11048
9514
13901
6731
1704
9583
5498
2775
7357
7445
8970
11642
11522
11773
8121
14963
7714
9338
13203
2783
866
7614
2476
781
10071
13429
10624
1886
13111
6261
8261
14632
5739
2252
4238
13123
11190
12566
14966
921
2882
7151
2491
3712
10780
2526
10519
8105
14392
9667
116
6390
12861
5604
4319
14609
10131
9801
13342
13779
5647
8934
14637
11618
13557
6148
4487
9607
5897
13390
5392
12745
12714
7912
10922
1822
4599
1539
12303
5577
608
3790
13411
12564
12027
12460
8421
10087
9953
7735
8824
10028
7173
8452
4024
3934
7287
1592
2233
7188
1561
13597
5900
14624
6475
14610
8368
12408
7426
14221
998
3559
11573
9831
2464
11920
272
11209
9453
6952
14082
12347
472
14177
10811
14207
11993
8620
14562
14441
13650
6089
1263
7699
6710
9651
8632
2596
12528
1124
6051
8952
219
9951
12339
1383
5249
14289
11849
7845
8181
6657
6907
14223
5280
8989
12020
13562
5207
9435
12855
11023
8507
10752
10427
13173
4133
12640
8494
7688
9695
12840
4610
7077
9678
14371
7801
12507
13332
3724
8352
1332
11464
7376
12659
4416
8840
11445
8609
1848
1424
1855
4483
3134
168
14839
6818
10468
576
5123
5217
6174
14756
6648
9580
7911
5179
3154
12699
2733
1873
13495
13722
13602
2255
3999
5414
4448
10334
12744
728
12364
9495
8078
1610
3037
589
1229
548
3001
4539
10351
7798
4812
11190
5856
14783
3739
13620
4357
6619
7059
4625
6091
9240
14556
14599
3136
14093
6309
7539
8306
5870
11379
14366
2018
11241
8466
5322
2019
4073
2157
614
3293
5078
10825
11071
7993
1385
9812
7993
12755
8986
954
8936
8218
8534
12064
13640
8117
2459
2461
11826
12768
13873
3128
7076
14308
5225
2623
8509
8529
2191
12290
9489
637
10743
1908
10068
14806
12896
4353
12384
4839
4072
5354
747
5805
12573
6966
608
3989
4118
830
3160
14985
1918
14820
14756
12301
10255
14179
2889
1292
12044
724
12946
791
3322
1225
2442
2260
5169
3551
11973
13821
993
11662
9592
3996
9673
8067
12834
2518
2522
9814
5100
8034
9530
6628
10633
5067
2868
12272
9795
10064
8118
2749
13858
13879
1188
2407
11047
10540
11401
1566
13032
9632
3706
11755
3602
12156
5491
2145
3738
12190
5966
8281
9796
4208
3579
6694
4028
13398
14445
11512
4152
8819
12243
1628
6195
1747
2556
14554
12334
9048
7133
525
12928
3921
11015
12973
9497
13867
8029
13944
7836
8208
2587
5562
7996
5019
13277
6132
10354
9800
11210
11974
4477
5748
3593
3588
5019
12958
488
2234
11344
1406
249
10524
122
5056
1566
8129
7594
11929
12632
1178
5736
7495
5369
11464
4038
1198
10180
4021
6118
8502
14231
14205
12887
13263
8684
7829
1485
2794
12888
5487
11715
10456
977
4629
14169
3123
8848
5501
6804
13365
1990
4530
14143
8692
7136
6257
857
2695
13189
7413
3922
5449
9420
4219
85
2992
11379
6516
7844
13255
7503
4818
675
3256
6890
8874
10717
14928
1195
13840
14629
14413
6136
12649
10852
7159
10559
683
14979
8680
13548
1325
7462
8306
7533
13499
10374
10785
12882
14785
12438
8061
6925
11204
9050
11084
2903
12262
11507
8996
1785
12362
7168
531
12446
7157
9754
9976
13151
5951
1524
7538
4843
8743
11525
6457
14169
13998
11647
1709
1741
10741
9706
7651
13589
6087
6258
9438
6276
11763
14376
10568
13640
10754
4110
6394
10640
7641
833
5940
7270
3740
4208
6878
13007
625
1994
1004
14771
8134
393
5049
13849
10456
178
14180
9775
1381
5308
8032
6612
12318
8253
11608
4623
4171
8742
10899
7783
11660
10167
10567
10115
6197
5339
3523
6315
894
846
4768
4626
13799
1693
9310
12442
7972
5479
11526
2604
9468
2808
5801
10859
11837
3160
794
12445
3236
7942
12159
13283
9739
9927
6092
3733
10939
820
13518
385
11443
6151
12289
3864
4351
9223
7215
8099
5300
8327
10281
9044
13197
8955
5899
13306
1196
216
8527
9657
4043
2182
12508
8892
373
8378
1469
10010
1049
145
12124
13180
12136
7073
14826
12461
13615
252
10707
13745
12419
12535
2761
10905
10889
2543
697
10589
9241
6631
1924
8655
3151
5528
3496
8704
5026
4882
2371
681
5081
11404
8823
5008
5802
13868
355
10233
889
10643
5946
14647
2277
13009
7996
14841
1330
5958
1785
1685
12790
5708
4822
1680
12593
641
10894
14160
8130
4889
11189
2319
7057
11282
2316
13516
3241
12890
13573
1844
935
14854
13313
13415
791
10748
11737
7350
13777
10180
9974
2917
11624
1847
7776
5815
14865
13774
4691
14042
2087
4946
12034
6346
6470
5054
10519
3701
8221
11581
5895
1798
3988
933
12405
5
11845
12846
11454
14773
2956
4783
290
2951
13498
5539
13061
2988
7937
9774
4095
14477
2266
7694
733
14024
3277
11592
10573
2899
2480
8482
453
4445
749
527
2039
11715
2295
2490
1336
13295
14061
7935
11981
7795
4131
3370
4669
14970
5243
12083
2532
8935
2005
6867
14835
6460
12908
3361
13831
10791
5723
8226
2101
13978
12389
13872
253
13188
6964
13962
2288
3946
2755
6397
13513
10804
7216
3019
8313
13376
5689
12735
12647
8231
2612
2293
13607
4607
6259
11418
5869
14403
626
6537
12410
14434
548
9801
14299
1409
8642
12636
1937
12599
168
525
7569
7674
9409
3260
1421
9664
8649
2360
6305
10522
13364
14894
13032
9258
14697
5417
6482
3104
7831
5236
14669
14694
2333
739
10652
5708
13091
14979
14627
14970
7903
4267
1053
11447
5340
8959
3145
10139
13966
179
4589
1311
6505
11684
10816
1051
10058
13602
9681
13606
10949
12238
3886
3481
10321
12706
5003
12760
4040
13556
6422
11619
13027
167
5087
7506
12605
1078
14351
944
6950
9008
2798
13442
7250
10774
1380
469
9642
2813
13697
9966
1563
11550
1790
9365
2559
10313
2265
11581
3187
7022
103
12950
3078
14361
5011
13579
11767
11670
2626
8071
3382
259
456
7105
3778
6365
5866
7838
1224
13483
5981
3584
9221
8272
11826
10756
2560
1770
11565
8532
10199
126
172
9212
11063
11578
5385
4740
6363
3884
7276
7353
4511
3934
1299
4834
7244
13755
12134
3328
3044
9641
8201
8204
11443
13601
4159
10911
4308
8875
1253
12318
2710
3712
7847
495
10458
143
14986
3403
7895
6962
4325
14468
12053
3630
13286
1503
6765
9334
4764
6951
3812
13906
1245
9913
8714
14825
5672
7929
2254
7023
3896
3989
11326
4717
6068
11736
5206
1975
1812
4329
5832
11240
11516
9937
13196
11539
3593
9335
14432
5587
10051
3566
7706
2493
219
12143
9491
5326
9968
9752
6319
202
11279
11935
14620
11173
4490
2712
14721
7583
13077
4619
12617
13146
13310
14124
10594
8446
3616
12892
5300
6089
6014
2873
4374
10211
9448
5669
199
14580
7368
4168
11893
5994
4407
6894
14132
7204
9489
3048
13884
6074
10217
3723
3658
204
5888
12240
7370
3730
3969
14085
7397
5515
12387
9416
13932
10462
7475
13610
5230
3159
14912
3809
14834
10575
13505
6944
4374
13028
9161
7208
8044
146
3885
3430
7333
11032
12149
14335
7119
5362
14484
2163
11717
4628
624
7584
11963
5241
7063
1428
11947
12725
1357
1146
11468
13713
13012
2511
2825
9958
3318
4505
3023
6092
8952
7874
14988
339
6711
10308
13901
4910
4212
13722
2224
10289
13897
6610
4523
10138
10194
11931
680
1037
7182
13500
13592
13772
11592
1360
4933
400
3493
9091
5106
8798
14508
8535
10937
3930
5911
14896
2245
7532
6425
12702
850
5449
2098
10569
13132
9337
8066
267
4730
6946
9583
8032
3469
7709
7123
13604
14115
7853
2935
14965
6051
6746
13864
14233
2466
3704
7804
7685
7151
1983
13612
10385
7496
9156
1837
3381
14782
614
11100
13932
5364
396
12474
6747
8834
6074
1704
6696
11756
1911
6615
10969
13083
12008
4547
6135
4827
2652
7164
8101
4086
5610
7479
5398
32
1550
1442
8809
1933
10340
3931
12762
6820
2426
1489
11494
12886
3011
1652
10436
2210
3262
1221
10786
3897
5252
3304
12751
11241
9860
10484
416
13987
4354
3953
13713
9297
13866
963
461
12513
3481
5418
3939
6303
10169
3979
3968
14299
6258
2502
11966
12800
8686
160
7947
1655
10741
1101
4933
7899
10508
5976
8744
13259
12751
8180
8642
14098
8430
12164
6787
9918
3594
8633
11988
8987
11852
14017
5704
12210
7148
4010
771
3819
6059
13557
5825
14988
6328
8122
879
3959
10868
8570
7046
8774
13928
14524
10844
1212
13665
13530
6082
3017
2831
10872
3778
13017
1794
7392
3084
6228
10606
10148
13683
3526
4347
3257
2635
7998
13464
8769
6129
1550
8308
14915
9122
7877
4608
6568
13321
10383
4085
10267
1485
1142
6939
13647
8523
9504
10410
1613
7332
11430
5150
14110
14874
3151
3615
2823
6438
5252
7191
6666
13569
10766
6289
3380
8621
3377
10107
2113
11417
14324
5301
4296
5978
14097
5256
7688
12777
12529
14206
10906
9515
13362
7895
13305
861
1892
10017
12538
5139
1789
6145
9652
3425
4675
14364
9051
9030
3556
9336
8178
2823
8719
4015
9259
12386
7156
717
2946
5441
14142
10784
1219
10546
13037
4546
9363
506
6915
5804
14401
11484
8116
12556
14787
3271
9309
3181
3733
8684
2162
9798
6004
2571
12217
8024
5515
8379
6058
9848
13590
7760
14361
3840
10215
6180
11940
9405
8134
14
3357
9319
2133
3067
5208
12250
8348
13022
13671
9484
951
761
8412
2590
11048
13039
6440
1217
144
6472
7013
2770
13006
13320
6173
3161
12277
2017
12021
5365
4683
2933
14321
15000
11171
12321
4509
4642
10833
4937
14733
1108
10947
3282
1993
7403
12987
8945
10976
3580
11944
14020
6700
8199
8802
3053
5533
9631
8510
13500
703
3915
13297
155
10880
8377
13673
6526
2932
2746
1958
13620
2435
11981
10684
14111
8059
12523
5716
12355
8382
11190
11430
3225
2266
8441
12801
5235
6367
226
11733
5916
10873
137
7481
14917
2076
11075
8515
7805
12857
3165
10656
1018
4687
7128
3841
10958
7235
4828
2348
2676
4184
11218
10838
1132
6327
14399
11049
5485
10567
3016
1486
14395
891
2706
9958
12799
4921
5812
6290
3124
2137
1099
10081
6422
12364
2665
5818
11375
10614
14790
5217
6661
11877
11930
4121
14628
1968
5570
8806
6764
12996
7165
14029
8911
4582
3891
2669
6723
14391
11402
14312
4294
14090
5341
7604
11465
9315
5802
13732
12758
14755
11477
5874
8405
7925
12686
11953
447
2741
5042
556
14379
1485
7930
7337
14284
11244
9555
1777
11958
3437
7749
6614
2968
2503
8276
14817
127
2354
14845
6422
7348
1690
7546
89
9346
6760
3938
6724
164
7671
4499
14996
5980
1832
6663
11108
5174
10639
9156
12660
1114
12974
10854
13945
645
11633
887
2527
3729
6265
4192
4440
12227
13917
14253
2852
13268
783
12232
2545
5199
1246
9218
10047
6563
2808
10809
6756
11087
8002
5743
14917
9147
1889
12811
3776
8666
11207
2746
5765
10938
13801
14334
10063
9324
4404
11444
3370
11298
5365
10210
10245
1815
13428
8070
7845
13462
1147
3906
2414
11373
9034
961
7365
13354
12034
11805
293
3216
1416
2020
3775
12762
10683
1857
7282
5410
1587
7561
10069
11906
13843
6604
7370
1119
14644
3521
4747
11362
1557
5587
2935
10225
4907
10048
8040
8378
3235
12119
9406
324
12925
472
10025
2556
5602
4440
6810
2099
4370
9639
5596
10906
12525
1244
13189
9062
5792
11626
1327
2286
1712
11579
9890
6679
2258
1836
9197
6206
3280
9127
3739
10864
1866
13457
12197
6015
216
5858
1077
10851
12129
8306
6813
6456
10688
50
13684
11440
3237
2040
2379
5603
7254
8701
6569
9616
8197
3751
7308
6167
2933
4298
12636
10551
14838
9924
2196
6181
4153
10975
9232
7967
9705
7785
4805
14058
10575
38
6562
3889
8816
3008
1917
13026
1797
4867
2980
7761
300
11811
3067
9934
922
5194
2161
14946
8910
2416
6143
3438
5009
755
2143
9596
12409
10892
9871
6558
7402
4318
1243
6894
9830
11370
13171
3612
6921
14086
5850
14682
1613
5629
1383
6526
3944
10471
10096
4454
1621
2068
9378
515
13351
7250
7397
11725
6022
4036
6533
4144
4349
7092
3870
5778
9051
7557
8591
3761
7176
11457
3626
8790
5651
8413
11388
2303
11667
9878
10942
14321
10977
3611
1462
2483
2710
8610
4299
5188
6792
2222
13530
14350
12569
8656
2302
10714
9722
600
9845
12215
10079
8177
11473
8342
6396
11963
1428
5969
1726
14260
5918
14640
10454
369
6171
1759
14592
4075
13873
5665
1438
4048
8818
2052
6181
402
11119
11712
553
13116
12822
64
1118
6534
11273
11436
13300
6674
4072
13574
4725
10553
7962
345
3994
14261
6503
8102
8466
13982
8863
8675
7144
6703
4576
9471
12274
9813
11617
8632
720
6323
2626
739
3750
14911
11630
11016
6285
11532
11104
8510
14238
6789
11732
6216
11012
5796
4675
3615
11773
4760
3729
4584
11567
5972
2197
6170
5904
10467
11814
11173
14871
27
13585
5014
4397
2784
2863
9868
10739
14121
3531
6513
1805
2092
8603
1876
6389
9082
7118
2744
14921
8932
9653
8600
2830
11236
7297
9059
99
12036
1445
8880
3124
12630
9240
6009
12454
5723
2014
5623
7522
615
11574
10662
6939
1680
1669
11791
10475
11815
9488
7282
1290
5116
4533
775
14525
466
14707
7388
853
285
11962
1143
1061
1130
2354
14186
283
5391
7841
5756
7958
785
9677
11382
2117
1866
5744
10271
14090
290
11655
6362
7224
8021
7988
1007
5714
10228
8480
7753
7130
12073
11540
12192
14737
11115
9909
12351
8214
4547
820
12585
8844
12992
6500
1440
12788
5057
2360
11472
8520
4393
2711
6464
2039
8453
6353
9035
10927
682
6885
4093
10861
353
10069
1104
5674
11768
8105
656
9547
12042
3148
8271
7446
4194
14922
5946
12368
4751
14767
9388
523
7604
5964
1408
8020
3310
12685
4443
5163
5582
2412
7692
11950
14172
14160
11799
10862
867
7360
11593
551
12821
3740
14820
1495
14941
7043
7356
12244
543
2936
7864
12325
6997
3943
2360
10419
10583
6758
6658
8889
12275
6769
2175
3263
3670
12140
8040
7762
4783
7312
5001
462
12922
3230
4081
4194
9378
4179
5468
1768
13119
13553
5585
6618
13239
13394
7830
2456
9358
10064
14952
13041
6703
5880
3514
642
82
4059
8434
4303
3480
11817
3060
6487
9478
13968
2748
14213
10242
1866
2425
8266
9260
27
11078
6567
5593
10284
3672
323
14815
10816
8439
9024
3399
4894
22
12893
10735
1682
11432
8880
5516
13949
296
8798
5717
28
2358
692
8866
14860
2712
7027
6842
2482
12717
5802
6912
4796
8082
13179
3227
8943
6079
3713
494
13172
12359
11792
4050
13494
10329
360
3044
11004
8578
5542
10957
12198
4291
8239
10175
2131
13160
11313
14833
12764
8719
13424
8647
11333
11601
13150
1961
1095
6673
4450
9709
14299
3524
7084
14544
14699
8264
3079
1809
4492
12118
2828
10611
7987
4771
6931
2688
1875
12942
12352
3294
4436
7144
9002
840
3517
7114
10334
14476
10640
3869
4046
11361
11075
13864
1483
7825
7220
3217
11838
6152
146
12472
14738
11190
1621
9867
12313
3518
11501
13575
9343
8383
7780
10895
2574
2128
4190
4848
7796
5330
12665
1155
10781
14359
10520
11068
5671
596
4699
3016
6912
4005
7914
13542
3322
10292
4049
5490
10400
13372
2639
13921
9453
12348
4795
2722
4646
14741
10410
2377
1569
5168
8974
11866
3404
11207
8875
10169
8299
654
2494
10330
14040
11895
11967
6571
13598
11614
7934
2396
2676
1551
11137
183
12817
3534
4203
5214
11195
9502
8454
14615
10656
5733
13092
14180
6131
8003
6596
13543
5988
6889
7686
7673
14432
14944
691
146
8552
9944
2658
6184
6091
10948
2062
5912
12539
6377
11440
5809
3663
830
3821
13823
2030
4861
5262
11116
13651
9437
8359
10912
3324
9286
9071
2401
4767
11866
11693
5199
4142
6165
4326
2298
8066
8053
4700
6999
9693
6409
13665
1783
8964
1735
6227
4602
10629
6481
7446
542
6118
3794
8061
9338
12867
3922
7167
11716
12192
14969
11797
5005
9290
7253
10758
1025
11492
2946
7557
11680
13319
10254
9753
261
9479
8824
14603
8902
4363
5617
8324
5165
9154
7955
3816
3231
10143
7968
14207
2662
4322
5156
2047
183
10892
11278
1494
7494
4726
4303
3355
535
10429
631
10297
3210
3059
2295
2105
6012
4109
3385
8294
12537
3854
7389
12955
4342
8645
14691
9147
12127
9244
6922
2706
8696
3808
7404
12792
6681
6595
4395
4036
1488
11002
11352
7613
7438
3023
5941
6104
7566
8714
6996
4477
5055
1779
1165
12031
11767
14838
8449
12658
11845
10509
13357
8255
5849
5869
5888
2630
8403
6394
9082
10762
14806
2986
7323
5730
4601
8158
12148
8190
12544
9994
14754
5707
4959
14957
1941
11814
11944
13153
9696
12133
13390
7141
1144
2393
14294
12875
8083
704
2322
8889
7823
13911
13100
12297
4544
5401
11196
2721
11897
9173
7267
7732
1058
2539
14333
10889
5972
12292
8656
10994
14977
6680
8183
13630
5560
3041
14024
13595
6432
3427
2945
4312
3668
8083
1325
12821
10109
4095
8565
1439
9761
14081
10400
9680
6400
12250
103
2541
8104
2674
8031
8728
11934
7130
12486
14936
477
2334
2376
4765
14475
3935
4619
13365
13261
7094
1780
1412
7203
11000
2892
4504
8908
2161
12954
1561
2365
3831
14043
3350
1779
6386
3538
14695
9300
6028
7408
11488
3358
11629
9033
6091
6845
7079
11540
12219
6840
13982
9106
12894
110
2022
10208
12578
11100
1878
8281
7064
11633
2993
12766
12221
9033
6074
5993
202
6903
7643
13898
4182
262
1501
6018
248
9267
14431
7742
7513
13237
5998
5290
58
14203
9788
11385
11796
1693
917
7080
12849
2976
2168
7731
13528
5493
3601
13552
4525
10665
12959
2752
9385
5842
6744
12702
7880
8562
9279
2108
6356
14877
9619
4663
13664
5951
3642
12139
3756
9634
6180
7390
13542
11263
5505
5240
7113
10381
5050
11718
14909
2602
4680
14608
13931
3343
6371
5796
12596
12643
1633
13360
1323
7781
10535
8896
7442
12915
9648
13030
5527
2466
13790
9595
11740
2454
13871
6440
8288
11515
5723
3336
11568
821
7229
9949
5124
4604
13612
9358
5981
5518
13221
10068
462
1560
13657
7008
3090
3754
5587
9463
4647
6327
9087
1425
3010
8602
9853
7322
2832
10304
5140
8595
12684
14528
11746
4100
737
5059
917
4786
2581
7289
2487
644
12286
4422
13115
5360
274
13214
10960
6686
4124
946
11630
2952
5884
7856
2757
13717
6994
6752
7040
5029
14408
14016
6092
7230
4009
13736
4956
5826
9917
14150
14597
3342
779
8167
7258
12657
6630
7142
11987
4791
7431
9648
198
6590
1865
14459
13607
11305
7493
14455
4380
2513
5860
5679
4846
9354
3650
8254
6615
13565
13474
13391
1434
1262
5392
3190
13652
9947
7763
2472
6606
13711
3515
9349
2787
7099
10425
3745
145
10606
6513
606
9338
13269
14129
1999
4306
10328
3841
9829
6000
1435
6709
13393
1601
2348
6046
8477
9084
10622
12245
7238
4473
8227
