20
443
382
894
9
303
235
317
968
219
666
787
344
493
363
980
405
930
568
688
703
592
447
853
599
337
103
646
648
793
269
503
116
932
224
525
416
890
938
137
733
204
11
432
641
106
397
87
968
38
488
269
706
52
549
429
244
231
65
404
708
811
13
714
675
138
602
476
64
139
503
836
470
440
105
321
726
805
831
21
976
42
37
17
36
41
536
936
333
89
264
68
192
128
138
931
762
112
617
700
351
104
17
401
472
297
89
286
348
589
917
275
198
881
645
899
45
753
75
626
360
670
668
988
304
387
974
415
850
684
25
177
584
119
724
349
438
926
757
192
164
740
63
873
810
278
394
912
991
663
988
280
229
518
900
543
152
507
9
954
819
468
238
920
972
801
25
727
474
261
560
936
736
818
834
371
395
735
25
84
38
529
254
214
249
956
240
144
753
691
884
871
955
858
325
974
634
49
478
114
93
15
607
443
534
667
951
857
941
538
936
476
258
390
9
270
134
88
623
235
29
423
400
18
948
27
10
415
592
40
795
622
212
685
662
673
933
410
291
949
843
751
178
179
625
564
543
827
6
801
641
288
808
468
510
780
896
934
675
347
778
235
845
892
156
545
143
614
213
455
888
797
902
222
462
314
25
653
303
791
392
761
543
810
825
872
328
71
305
314
357
911
26
376
654
97
655
655
129
288
564
487
931
81
325
579
153
35
246
539
894
601
226
418
233
337
721
961
120
339
84
687
749
274
80
484
405
942
847
854
351
747
79
474
766
14
726
232
272
528
983
384
76
227
849
1
272
436
42
345
312
560
549
354
202
638
589
865
435
662
275
761
199
73
758
665
896
339
124
370
498
8
839
635
765
170
6
521
877
706
243
915
482
245
424
394
721
233
106
104
238
24
888
779
717
382
508
592
979
330
946
966
164
722
321
15
33
463
851
770
921
777
682
839
368
432
838
672
970
324
94
66
466
326
41
90
607
819
141
66
829
795
24
773
261
950
843
534
110
669
942
322
934
311
626
573
863
695
327
830
265
203
919
900
924
397
498
659
227
561
377
179
418
69
596
326
437
1
727
478
379
884
244
531
102
1000
247
848
15
136
831
294
584
198
856
34
577
599
426
230
591
816
840
307
872
22
307
940
993
215
200
417
383
733
128
533
266
569
624
679
30
388
699
270
555
663
84
179
544
823
399
331
368
823
62
104
476
52
209
712
889
966
393
203
819
375
373
247
926
771
739
364
269
616
686
745
468
987
690
326
100
492
398
269
885
855
482
508
668
91
757
521
741
656
347
967
541
497
162
369
234
394
486
479
251
519
950
489
265
590
666
748
677
560
811
133
126
212
442
736
45
601
817
25
821
722
7
123
558
320
84
380
4
256
660
883
649
323
60
51
546
922
910
999
864
513
430
794
728
227
194
288
360
576
657
665
55
628
224
364
37
595
137
542
700
204
966
716
294
787
987
763
567
464
228
913
404
367
455
903
987
267
893
945
519
539
954
664
29
872
758
669
301
604
723
895
447
120
12
398
172
201
112
737
242
730
331
609
199
672
492
894
855
725
603
767
589
548
790
24
984
983
272
292
828
161
651
264
25
915
315
633
427
388
219
867
137
263
836
482
304
506
552
980
938
29
292
98
790
188
654
531
814
520
337
772
253
612
136
253
868
531
296
404
356
699
500
828
479
640
267
212
934
480
54
156
502
637
836
563
499
579
440
748
75
75
429
930
368
832
799
248
69
942
285
977
416
20
554
77
148
466
54
760
458
736
822
200
465
39
16
66
250
371
449
25
975
269
931
866
120
229
667
418
377
153
516
896
218
765
383
850
682
380
533
367
401
946
88
669
405
756
519
795
733
743
389
488
378
757
134
961
612
741
176
709
195
201
129
989
530
880
399
168
274
50
946
555
446
315
487
902
555
340
941
218
792
409
373
47
809
223
232
880
105
839
164
852
585
153
172
366
276
844
419
829
774
179
442
128
429
580
63
20
802
373
781
83
432
611
921
392
443
384
328
567
16
524
878
357
263
108
598
415
536
666
664
415
689
496
76
172
347
5
266
924
693
470
445
422
809
124
959
997
115
986
429
248
916
328
971
518
604
197
266
809
547
885
765
289
180
765
810
53
349
391
951
297
428
278
247
546
239
255
819
113
317
808
449
429
534
315
501
407
636
580
943
499
701
574
757
594
66
780
510
419
742
65
380
604
866
473
405
49
193
840
240
776
194
660
210
899
756
79
934
879
45
451
301
719
549
335
80
255
822
366
950
199
990
889
