63
460
13
612
73
320
962
557
701
512
771
138
434
376
507
399
901
246
4
813
266
390
688
920
933
14
173
688
91
767
378
256
122
627
489
196
413
597
510
984
601
94
698
797
778
459
678
327
692
482
486
745
472
348
359
483
909
912
518
986
832
721
759
89
588
663
98
177
191
678
287
794
137
416
452
829
443
259
654
973
922
615
642
575
236
874
591
558
761
958
95
569
783
847
203
992
64
6
772
3
312
99
935
313
579
925
943
752
124
945
177
361
772
348
607
141
291
20
479
111
835
362
517
845
968
330
405
128
311
625
851
903
336
429
2
150
348
599
489
866
170
718
897
795
581
917
925
65
26
871
24
393
633
870
804
6
64
387
969
943
244
23
83
889
481
266
939
196
26
947
811
254
587
808
368
860
844
89
545
748
487
539
132
933
813
756
382
23
405
264
401
162
936
231
619
752
621
240
108
621
350
9
39
776
38
479
52
421
210
162
823
372
375
171
616
543
191
825
82
649
982
240
115
791
616
814
18
66
283
13
773
877
212
357
709
78
840
25
316
628
488
965
522
903
47
945
194
317
737
416
144
420
442
625
434
120
669
866
245
187
655
276
108
699
661
94
762
584
970
771
433
909
639
860
809
84
517
68
492
628
578
395
212
650
87
760
582
717
636
13
672
249
579
755
190
101
903
853
546
500
