222
89
520
763
45
803
298
248
366
801
549
383
438
729
622
748
141
571
174
33
918
985
794
302
585
980
579
381
811
603
711
255
551
779
560
887
198
966
337
378
749
784
842
849
765
267
330
979
400
899
20
581
279
91
299
140
523
255
125
713
678
122
682
85
848
482
813
618
801
973
250
662
346
105
189
962
733
148
234
960
394
62
239
381
774
117
82
47
556
348
902
279
44
529
835
834
999
787
762
756
700
543
133
61
520
922
360
657
785
283
844
411
213
40
140
752
701
419
316
749
751
312
12
32
308
879
256
488
298
65
545
135
644
676
238
69
41
176
785
900
274
868
826
583
354
593
692
43
263
638
332
507
580
975
210
952
774
505
192
562
444
467
958
619
289
650
974
710
85
590
547
688
457
378
3
260
719
264
516
632
570
696
616
109
923
952
908
52
654
26
42
107
543
925
452
104
198
29
905
541
235
665
386
50
500
570
353
754
618
377
894
932
637
795
812
878
64
635
175
377
65
337
364
700
108
155
135
517
841
655
752
649
479
688
700
45
473
484
11
911
765
35
760
386
387
417
717
666
696
200
736
2
30
620
869
452
55
652
770
817
593
653
393
652
211
722
541
764
352
437
270
107
281
126
707
466
648
329
289
858
917
604
972
34
481
333
429
6
710
691
778
992
734
428
861
699
233
616
618
331
20
32
575
249
695
316
982
679
154
576
638
369
230
583
920
611
252
217
69
534
804
332
235
64
453
667
345
472
752
998
298
897
267
150
531
777
940
54
491
561
547
486
32
645
546
656
274
902
87
297
969
740
472
412
874
85
844
338
192
183
382
276
601
649
789
955
899
659
356
570
795
679
374
668
894
664
182
124
384
107
634
875
470
861
260
553
84
138
908
690
904
575
142
642
207
803
187
891
593
398
690
874
110
632
87
10
807
935
860
69
256
458
447
538
64
663
115
156
909
337
549
253
138
922
458
67
448
605
969
684
687
25
93
759
309
51
48
685
505
498
710
351
552
218
989
150
403
445
394
403
52
827
582
840
711
32
163
305
316
334
550
340
410
105
126
798
923
596
520
145
882
926
267
616
591
681
626
861
293
34
859
260
870
788
725
544
592
240
495
891
457
300
250
150
146
732
752
346
136
961
678
123
987
320
473
288
347
172
633
99
698
793
678
471
377
425
604
738
910
416
99
138
174
844
295
681
437
533
344
539
791
868
598
635
26
314
675
573
453
50
189
574
737
613
424
563
243
979
750
78
947
959
26
146
427
339
820
785
980
665
679
294
387
74
266
976
359
75
629
460
194
700
380
278
685
917
81
844
795
721
600
502
143
799
734
791
830
187
863
594
629
817
940
310
78
365
573
723
504
298
493
716
515
543
198
483
975
660
33
403
14
953
499
226
94
400
84
734
657
824
370
522
394
209
719
67
674
558
315
737
137
212
835
893
16
28
544
743
194
326
74
110
541
7
697
751
553
754
349
415
833
716
193
262
442
592
10
825
643
502
196
155
86
575
629
320
952
638
221
895
88
934
404
616
670
249
351
856
427
386
203
55
945
360
89
790
94
248
218
626
107
78
825
401
339
678
252
112
237
886
940
53
556
30
628
356
353
74
523
604
782
352
729
659
232
285
723
365
830
992
150
295
848
196
719
175
39
341
490
161
438
316
319
615
656
695
759
543
197
909
182
338
838
239
415
10
591
50
666
523
284
168
22
436
299
800
300
462
484
919
535
143
781
502
882
262
600
538
215
171
466
212
204
682
973
166
156
674
575
247
394
85
248
652
454
434
554
863
895
526
129
295
985
514
146
52
59
952
758
702
819
19
81
473
369
541
720
782
254
998
393
498
291
152
670
852
476
458
360
390
740
914
587
884
844
511
71
604
185
928
656
861
803
643
618
213
366
102
769
268
415
110
911
456
645
105
652
707
520
455
123
418
976
453
626
633
523
153
750
827
504
712
976
217
804
383
309
983
789
833
965
336
753
920
651
807
653
608
456
686
426
155
902
14
649
251
168
19
838
241
32
422
164
108
555
507
865
360
43
368
138
484
311
230
787
119
790
265
416
605
497
791
441
70
415
278
713
699
295
52
11
356
424
119
219
201
389
998
436
474
367
981
820
84
966
725
444
177
162
580
942
323
348
555
218
492
36
339
27
468
243
272
673
859
87
683
632
357
627
487
371
408
480
467
146
947
244
126
57
350
259
528
145
268
738
40
815
493
794
358
358
510
406
751
858
896
841
906
269
225
577
305
934
628
240
505
337
664
615
270
363
670
227
921
846
229
551
843
698
930
374
529
377
58
331
90
8
391
161
616
904
734
701
311
791
378
163
803
517
110
708
526
507
953
868
599
773
275
829
88
737
437
118
75
663
629
725
425
972
50
176
667
217
93
620
898
19
684
417
99
718
441
305
793
40
797
643
434
557
757
769
435
211
432
26
252
701
16
448
420
2
361
676
949
794
793
108
988
97
355
829
165
878
93
347
503
921
580
666
330
738
307
726
70
802
113
751
345
881
300
520
273
760
592
103
381
129
609
98
37
913
980
882
802
840
784
929
618
511
460
709
222
762
839
209
715
602
461
604
673
501
836
113
710
313
795
557
912
618
593
678
29
759
928
715
845
355
514
304
630
581
380
201
75
981
547
884
621
107
236
553
584
763
267
558
991
132
799
795
525
568
81
92
481
335
353
123
157
80
563
879
565
308
60
225
888
652
907
574
569
219
981
220
458
778
512
342
907
98
218
228
232
189
689
740
442
747
186
557
634
577
493
220
979
272
4
522
689
941
676
258
875
247
18
886
707
562
775
108
778
496
445
926
79
599
316
181
491
507
141
125
203
315
146
48
958
463
496
489
537
916
892
71
382
906
453
485
773
35
538
654
457
17
656
613
139
822
139
126
738
533
715
591
822
669
648
239
122
276
602
178
524
556
875
303
467
317
172
610
131
28
567
937
330
759
807
670
520
788
620
445
825
149
183
375
482
921
404
828
619
511
169
300
771
743
225
404
38
9
842
510
285
274
908
67
309
227
635
134
360
332
499
165
926
87
604
554
202
259
99
3
131
377
825
218
433
267
826
975
532
914
911
88
772
415
889
312
844
331
658
700
828
197
799
466
744
482
816
860
35
776
704
112
869
485
979
956
695
824
840
778
921
373
609
906
159
996
117
96
910
386
178
717
124
32
825
686
516
879
440
681
63
473
466
655
578
857
823
191
771
14
711
728
705
133
947
181
45
473
483
1
18
118
276
191
481
392
161
322
8
227
878
65
402
257
916
292
532
917
327
258
911
346
166
898
917
345
718
785
61
204
158
761
207
654
813
785
160
738
674
21
519
882
312
710
198
939
867
837
536
500
246
146
391
235
212
517
121
569
494
249
867
456
594
271
49
529
434
817
457
437
512
593
877
605
707
976
626
240
410
262
929
842
113
502
523
1000
137
970
411
770
631
758
157
399
526
579
646
687
564
261
696
763
103
1000
443
564
808
877
896
784
921
692
578
589
245
631
647
870
510
797
413
320
265
155
654
114
967
891
634
473
410
750
235
896
158
361
109
335
141
81
246
103
54
413
883
791
738
490
135
976
182
698
286
995
312
937
114
584
214
567
176
644
957
571
461
923
669
951
298
897
15
917
949
634
747
862
775
907
470
695
391
358
286
524
718
979
472
259
322
700
845
127
970
358
977
666
794
834
907
204
965
639
518
366
305
722
218
638
715
799
101
518
850
962
235
287
929
863
224
932
97
260
718
244
244
183
17
636
683
531
428
707
595
352
521
67
648
617
965
491
699
738
72
887
978
639
723
153
670
644
828
423
287
966
972
747
756
92
411
738
611
816
65
203
205
237
675
316
342
475
770
330
249
399
604
386
272
148
727
444
223
722
328
855
772
429
30
625
797
463
270
882
91
402
936
595
343
900
414
64
784
359
694
219
423
865
701
256
261
153
502
638
403
908
547
8
464
164
594
20
188
83
488
639
666
906
439
939
88
351
951
919
400
238
80
381
807
623
147
393
505
224
589
372
554
417
89
318
306
594
646
230
281
142
740
232
913
851
251
447
51
10
282
144
648
988
553
191
519
570
507
350
594
838
805
435
552
870
340
876
270
46
453
712
962
239
483
544
438
667
334
490
374
701
184
660
18
389
17
184
210
6
129
337
151
378
253
777
806
294
469
432
364
756
559
76
646
378
954
110
878
692
929
593
730
654
213
43
31
130
660
49
60
638
141
219
829
134
313
499
253
123
422
388
622
864
793
90
278
969
172
126
903
166
559
438
323
507
710
526
239
804
950
632
782
579
452
518
314
302
650
863
363
198
930
807
112
417
264
679
337
828
937
440
214
239
27
863
889
302
795
998
224
912
636
935
618
351
753
412
321
982
208
285
139
764
504
405
934
369
360
924
831
180
830
559
542
966
419
862
695
490
369
3
602
860
749
117
343
877
516
735
598
183
213
337
112
475
437
556
217
579
754
59
302
653
213
645
650
307
101
586
539
926
115
744
18
961
599
492
264
492
994
977
923
819
172
748
346
389
800
289
123
813
398
479
820
281
231
517
332
131
721
343
750
872
498
78
149
435
781
531
217
933
221
285
106
711
873
403
436
971
451
290
844
744
524
732
988
508
809
650
414
211
208
594
188
995
762
519
704
405
169
862
572
345
14
462
989
586
386
343
508
92
23
900
605
950
649
524
941
181
653
174
752
226
772
960
246
372
935
237
422
904
918
268
226
279
968
968
442
77
61
765
220
31
935
119
660
914
569
716
343
554
250
878
235
764
904
215
847
481
824
58
73
870
464
689
613
693
463
918
371
722
531
25
761
471
386
601
295
29
359
327
391
287
869
204
781
316
378
293
445
211
18
465
460
146
527
220
692
950
657
83
710
968
710
630
850
502
354
657
830
592
381
529
813
447
561
253
341
282
247
281
25
855
887
598
416
483
104
114
959
819
491
892
425
167
791
249
738
620
600
252
611
805
272
654
869
507
156
780
897
965
847
423
105
111
584
250
806
537
477
779
438
477
688
428
512
576
250
702
209
728
668
12
20
778
955
188
347
346
268
199
462
578
793
120
732
86
41
875
525
871
208
780
684
506
750
433
2
359
845
970
576
135
880
216
468
527
632
774
570
250
289
577
79
238
984
930
486
291
973
578
500
954
139
838
785
895
962
303
953
588
614
187
683
556
342
798
397
975
786
211
391
910
395
640
824
968
598
564
478
646
873
125
689
161
395
830
359
38
389
91
457
239
877
644
907
112
939
352
282
950
182
454
193
424
543
768
805
698
96
893
349
473
20
936
82
774
381
789
556
737
879
506
636
195
233
789
156
332
338
125
626
185
867
615
893
296
470
999
158
265
219
942
273
505
472
86
701
980
784
906
57
198
60
914
643
246
566
225
868
147
988
23
968
323
168
961
935
437
694
26
53
411
991
894
954
877
66
308
595
873
572
526
73
35
340
337
664
87
39
713
13
900
119
605
874
910
693
917
299
164
516
200
691
784
714
85
626
134
424
992
850
455
994
151
349
269
911
451
914
319
96
169
93
336
741
89
944
400
332
64
493
198
16
527
303
940
974
11
58
224
946
183
579
630
581
440
159
324
745
593
641
452
463
665
139
607
648
349
807
152
257
137
558
670
59
668
152
340
637
322
548
504
817
581
929
213
145
208
309
33
594
751
123
898
148
430
716
273
412
913
125
432
920
29
64
114
286
943
532
351
852
825
924
735
1000
545
76
921
778
425
135
636
994
573
670
979
438
850
919
299
388
968
590
412
55
790
115
473
125
326
769
247
47
483
547
85
241
89
228
380
855
218
507
775
260
363
624
922
903
464
373
55
712
356
926
171
676
625
346
94
779
448
219
207
932
416
310
130
65
882
625
122
32
872
824
504
488
78
356
860
394
972
237
320
301
574
889
693
80
895
920
731
238
598
271
319
500
900
634
849
782
252
538
585
244
826
18
278
557
334
270
831
43
226
199
278
854
778
265
869
843
119
535
546
270
717
344
574
21
365
475
630
479
180
269
111
711
675
549
962
127
404
800
782
263
237
478
518
851
778
872
496
825
969
419
104
425
407
887
871
51
400
319
265
28
306
150
953
931
172
412
824
638
216
414
564
749
171
827
36
553
41
557
278
166
278
330
378
35
923
383
15
425
751
181
955
80
925
547
265
685
226
131
542
312
352
608
936
477
350
528
236
1
691
202
824
287
30
558
747
211
178
345
718
259
316
610
306
68
989
856
111
35
901
762
198
151
55
911
561
704
254
393
927
19
507
718
651
889
370
926
998
848
740
316
596
951
154
686
328
206
104
502
461
324
418
893
279
942
220
883
10
968
516
770
323
213
925
48
179
957
596
786
321
621
834
873
173
180
476
19
440
489
535
945
188
175
154
641
681
249
401
114
760
89
929
532
45
967
37
164
738
756
163
23
315
986
342
622
879
905
654
751
467
694
202
674
75
495
642
656
705
419
807
227
195
168
440
89
122
450
591
73
562
831
683
50
983
181
800
200
51
370
212
555
639
379
681
210
809
471
574
120
58
580
303
876
602
586
153
378
987
610
992
811
793
11
924
816
737
224
402
278
931
95
832
635
594
883
206
105
985
569
793
744
853
642
411
745
179
7
327
871
480
175
300
446
476
404
810
797
392
915
998
555
668
885
352
727
374
326
665
942
102
540
303
772
611
296
310
550
26
375
380
567
847
659
233
76
566
399
421
3
171
837
95
763
316
826
767
98
430
610
603
335
567
415
262
979
257
13
832
40
153
917
882
999
742
352
164
831
922
667
994
974
