444
132
998
163
338
437
877
17
694
435
215
414
77
170
552
204
4
379
299
800
815
814
392
324
854
814
197
21
851
289
189
350
280
767
437
651
978
658
428
800
809
404
259
756
642
649
729
410
440
111
367
632
730
295
915
937
237
702
312
665
974
709
700
82
551
749
490
321
996
974
10
543
872
38
778
260
959
165
921
190
297
156
781
576
856
493
226
365
631
193
715
154
421
574
628
309
106
578
910
166
663
824
553
713
735
32
939
677
24
979
595
393
277
653
371
391
168
739
583
89
840
122
152
506
391
536
267
396
101
35
605
711
653
431
639
808
156
361
64
289
238
134
875
899
990
23
125
367
45
145
897
623
576
604
523
270
490
27
569
737
599
181
640
11
49
798
511
354
799
283
633
911
412
453
539
620
952
969
184
327
271
606
737
510
457
38
884
523
730
262
142
760
568
360
236
655
340
710
63
913
236
336
279
886
759
541
24
498
584
474
848
622
38
797
328
326
6
102
450
877
528
237
250
924
884
196
769
761
421
731
850
76
942
339
794
92
903
784
422
507
216
804
572
138
945
174
551
678
652
757
589
474
710
727
812
717
328
594
774
977
592
210
81
464
301
394
126
936
869
348
481
652
82
504
968
288
995
973
944
204
733
244
828
986
507
290
406
661
588
741
941
486
561
273
621
732
602
882
378
356
92
183
605
970
323
402
803
20
598
215
699
572
491
87
847
619
554
267
263
307
258
105
114
998
441
831
992
564
41
467
811
822
411
18
855
528
986
607
2
812
572
700
667
484
74
88
485
107
895
776
273
239
839
435
296
759
752
574
371
676
719
93
841
337
75
365
949
425
23
508
646
672
140
7
354
671
537
333
737
718
981
720
982
72
737
762
647
541
421
975
594
815
644
987
40
431
734
515
260
792
296
777
969
141
930
501
922
895
841
189
753
249
666
782
589
450
264
398
479
652
778
285
150
761
732
654
137
169
447
541
816
789
570
365
366
290
978
325
190
952
854
303
840
31
212
425
954
51
639
935
265
928
564
541
186
322
802
884
17
146
681
300
305
609
516
507
386
722
725
403
633
666
350
604
460
923
288
895
590
584
989
248
632
737
923
557
506
341
581
747
721
488
305
426
68
476
714
718
733
571
