711
330
2633
4726
1507
4287
2166
587
4492
1756
1080
3096
4574
2599
3540
998
4290
387
2777
260
1266
3153
4464
2052
4906
1446
3163
1554
588
3872
1344
4005
2153
2749
3033
1885
966
48
1610
4660
2329
1282
3784
4967
2530
2480
4286
2670
2311
2916
3302
681
26
3749
1181
3957
284
229
2458
571
1348
2612
3702
1273
2081
3471
2244
1448
1702
1519
299
1865
3162
4641
1522
2136
3389
2259
4529
3284
1209
4700
405
3331
1214
4730
3749
2307
4350
3895
4261
590
3524
3833
3431
1987
2
221
3340
446
3868
4492
2107
1832
4351
1005
3030
4645
3278
4798
1930
1104
2445
2606
4737
2507
3185
2277
4867
245
3916
3256
2385
1418
3949
3289
4521
425
4331
4008
4548
444
4022
542
3564
1223
2162
2825
2202
2064
4734
3741
1808
1425
1385
1783
2106
2038
701
3356
4896
2949
4702
2405
803
2392
859
2514
3619
2897
2389
4119
4254
2536
129
2023
3855
3730
1767
835
3086
3497
1698
3514
2138
1571
2304
658
3473
285
4930
710
1847
2627
1333
3718
3642
2380
3901
3823
27
2743
402
3124
1000
2349
1561
2070
4822
77
2245
4050
4887
2578
4518
4321
3551
899
3382
943
4958
140
3447
2867
1393
3519
2341
2848
184
4782
4125
314
704
337
3503
1873
3481
39
4096
4602
964
3019
1579
4767
1968
2471
4948
2152
4335
797
1704
2628
2838
4026
232
4135
1857
1896
162
3733
4870
2529
3989
864
268
3082
732
4500
554
297
4916
4316
4435
2343
1661
3563
3845
874
1149
3775
432
4685
3264
3986
3543
3897
673
4603
4225
1059
1142
3591
2295
3082
2356
134
988
413
34
3416
1227
2341
2613
1692
46
4866
3288
4296
194
14
2687
1739
444
3012
2959
1572
3662
1239
1562
141
2134
1341
530
2921
2212
3436
4496
3563
2793
3795
3261
4317
4666
4923
2182
2992
264
4437
1164
4106
844
1650
535
4377
626
3261
4595
220
4940
2069
1099
2401
1880
109
2482
504
4529
115
2085
2375
3267
1726
1171
1179
195
1325
27
257
213
1937
3897
3415
782
2073
2073
800
4891
4944
883
3047
4276
1935
3891
3815
2413
1755
63
3402
4311
4175
3205
3571
2651
4734
3429
1258
2291
4361
3955
1312
2671
276
4004
924
150
2104
1085
903
4806
4606
3441
1450
3729
915
948
2598
343
2709
240
1957
1779
1202
2344
4936
3841
380
3605
93
591
1377
3183
4760
3075
4397
2908
3618
4249
2096
2763
360
4597
821
2791
109
511
3622
4689
2745
4932
1429
3889
4793
2310
1317
398
37
2391
3255
4175
1503
4884
4248
3331
4988
4517
1274
935
1761
3533
1932
3706
628
1145
4198
3364
1984
1991
4197
3938
4033
3101
3403
791
3817
1437
4167
4668
3219
1510
4980
1523
2590
120
4381
1427
2163
2744
4912
2322
3900
3613
1029
1917
3945
3988
2373
3497
3316
695
1312
3926
2020
4426
1152
4635
4215
4850
3934
3861
4612
2062
4210
939
3736
1400
2717
905
2233
1163
1348
208
1862
258
3332
1807
3328
318
15
432
3628
4305
3172
1291
3044
1140
4229
3013
4455
3395
4331
3089
124
2571
1628
1617
3603
3987
4723
1604
1929
832
3650
1641
755
4392
2320
4192
2579
4987
3827
316
724
659
2512
4075
4226
3131
4217
2427
1287
3075
3600
3874
1446
4213
4952
1659
4136
3295
402
4772
3760
470
1915
2574
3969
2094
1001
1296
1278
499
2538
3206
689
2752
1601
1728
3468
2946
4730
3282
4740
47
4516
4141
1051
823
3929
3074
562
4897
4287
3061
1021
1449
3275
2868
3176
4603
1917
1747
4789
2017
1912
3062
2889
3733
2235
105
4452
785
1414
4892
3126
627
4385
3223
2191
3892
336
1776
1387
4522
440
530
2783
2800
1890
1287
3328
3309
2137
581
4254
2361
4742
2752
4973
1911
744
1469
1643
4506
1946
476
3040
1285
45
1857
3900
2566
2985
2585
3399
3055
2457
2643
3902
1207
3953
504
2659
4763
3266
4239
1599
2004
856
4050
2869
747
2988
4487
286
4623
1034
2158
4354
3649
2863
2189
995
3648
2715
4229
1669
1538
3464
1273
13
1014
2689
2097
2683
670
1436
570
4531
4077
2109
2635
788
3863
4360
4235
1408
4307
418
971
224
4502
3740
2770
4072
1598
2399
4339
4546
1167
1119
4696
2534
4218
3351
1551
3197
2891
2314
3828
1536
4369
2389
3094
1220
32
4782
2192
1816
4382
3869
1852
2088
783
3106
3557
4510
3530
1942
4457
3664
3297
2610
2596
3664
474
3228
3257
2278
3444
1096
4672
1883
1323
2615
3918
4938
3187
3709
1246
4100
3333
2188
3645
4663
4589
924
913
4468
4218
3277
26
3935
4438
4657
1065
1382
2092
1635
512
1284
4504
2510
170
624
1039
738
2508
998
2417
127
690
1630
2298
3209
4100
948
3172
1686
2609
1886
1088
371
399
3553
1255
3512
2597
4449
4040
4923
519
4856
3400
815
3795
3588
2272
1739
167
1733
1965
2552
1224
3557
73
1796
4873
2225
3940
4418
2820
487
4225
4221
3835
3996
571
4957
1096
2407
3941
1471
4388
915
2619
4800
425
2389
1435
2632
2107
2760
1232
4032
4953
4814
3108
4845
1529
3054
4458
2675
2129
4773
1369
2855
2496
20
4366
4305
1870
580
2075
1690
2134
662
4804
2788
1347
4420
2597
2461
2445
2977
4776
2147
389
1117
511
1283
3535
1279
2447
4545
2523
30
2917
1334
2455
4662
4774
1402
1635
73
1377
3024
2681
3583
2754
2632
4251
2856
2482
2300
4206
4563
2308
4007
2450
3959
4047
2068
4266
3024
785
2646
2399
2322
1922
1748
3687
4244
4086
623
3512
2771
2439
4946
3855
2441
4424
1715
3236
1654
472
257
4318
2978
3699
1255
2461
617
3135
191
1005
2694
2503
4127
1557
3498
4094
3220
76
3365
4750
877
2028
1342
3509
3961
2393
3283
2926
1952
3806
551
3604
1470
3618
1963
3974
62
3153
4150
4852
670
4939
2977
794
670
1203
1184
2797
1904
4411
4908
4369
602
3117
4234
494
3606
3934
436
1528
4791
2870
66
1572
3108
1849
3542
3316
1135
3663
3396
3931
560
1162
4840
4001
3487
3953
3790
4054
983
3387
36
705
2768
4120
677
1951
4448
3026
1509
3654
1209
3747
1499
1725
4371
2659
3017
2062
4707
4533
2977
2760
3942
3674
2532
628
3320
3825
508
1542
675
2607
3193
1672
4877
3782
682
4100
4086
3122
2391
2884
1715
1158
1931
4069
1491
3603
3976
706
547
2713
3292
1384
1931
381
3585
4332
446
1245
1308
1596
3227
1578
2106
343
3960
2257
42
813
2151
1582
2255
2955
1349
1234
4225
1268
2731
1143
3283
4899
2952
1559
526
2506
2673
3097
3810
3930
4669
3047
1944
3207
2916
3715
2782
4948
1581
1102
329
3621
303
4672
3551
2759
4683
1508
2025
3639
3385
645
1086
449
751
833
1643
1482
1346
2541
2299
3390
327
2467
3951
3020
1054
1339
4508
3871
3836
3284
3898
1707
2235
2563
2015
1345
820
924
4755
4157
778
1384
815
3318
2305
1703
4387
1327
156
3337
1428
1842
1288
4152
4644
339
980
675
4855
653
1350
3174
3886
1916
3672
4335
1660
2920
3393
4828
2623
3454
4268
1539
4180
4625
506
1744
2285
2711
3345
4018
1851
3568
952
4152
2120
2123
3068
1858
4673
3992
4281
1548
4210
3744
2367
2971
4783
1844
568
4975
1615
4817
242
3196
1171
647
2778
4935
4646
3960
2182
2020
2506
3007
2250
4924
258
2987
4720
3926
3094
2742
2318
592
4567
4347
3109
363
1962
2636
42
4526
3500
4189
2119
2349
63
2815
1073
1666
1558
1057
4970
3689
610
4756
2644
333
3716
204
372
4825
2532
913
4681
3894
439
3535
2713
2308
2054
4968
4042
3047
829
170
351
3895
2408
2717
1879
3727
3892
2641
2041
4274
1663
3568
4128
647
2936
3702
1490
1407
3681
2670
121
1452
3086
3775
30
3509
2200
3673
4327
1511
1932
4017
2417
1640
3043
2098
1211
4320
3299
6
761
2931
4445
4349
3225
2542
4139
1063
1572
4430
517
2337
1921
4668
4549
191
939
2576
2821
3736
2188
2296
923
4641
2832
3294
83
2859
4618
3049
2213
2105
524
2723
1019
2166
992
4102
4328
2530
1144
3558
298
4393
2893
1351
2654
563
3352
2024
2620
299
3446
4190
2695
3612
3140
476
4926
2055
2180
926
3846
545
2759
621
1726
2239
3017
4814
1288
999
2768
2362
3561
3471
384
715
1003
325
2211
3276
3580
3663
3454
2382
2923
154
1916
3709
2251
1901
3506
371
2196
4590
923
2497
192
4946
4416
574
3585
2022
1035
3318
4126
4364
1269
3383
3984
2570
4490
1660
965
4283
2096
3471
3063
1149
4766
2422
18
4766
2739
206
2038
1160
506
3135
3321
819
4842
3682
566
3809
2566
2810
4093
2019
1956
1382
1764
3046
4194
1411
3323
2769
3787
462
353
1133
4330
4953
4470
3175
3552
664
3929
4832
4029
1222
1301
548
3473
2845
2358
2226
1016
1127
3846
1540
3383
3145
290
159
2360
670
2480
4891
2473
2764
2812
2300
275
3543
127
4810
4149
3380
4211
2837
1043
4352
2600
4980
4022
3178
4871
794
2069
2465
2047
3187
1021
3513
1293
4968
2056
1483
3545
1571
1634
1195
4239
4500
4302
4341
4796
2510
2266
1399
1
66
3132
4025
3966
117
4733
1200
4796
691
3442
4924
641
2376
4871
3732
2284
1190
3379
4805
4908
3891
4277
2977
4217
240
144
2402
4559
4268
169
4169
4203
4063
3910
647
431
2116
3380
4836
4604
751
4880
515
4854
4679
4465
1455
1555
200
3461
494
3240
3086
2942
1738
3107
4681
3562
1687
3785
3236
4657
2547
499
30
4023
3532
306
2293
2270
3420
2550
2465
3164
149
3193
825
3867
740
3180
1026
1463
2316
3494
551
4702
2516
2054
642
2352
64
121
2720
2059
3793
3353
824
1148
898
184
2119
3239
2689
2667
4980
2103
3649
2445
1700
1672
2053
2013
354
3576
2945
3902
2833
1160
1751
2982
3598
1338
4306
4496
1183
3236
1578
3011
1960
4994
4871
4940
3221
2655
4789
4770
98
2538
4741
2682
3345
1005
2265
3689
2527
3026
3957
981
1637
3448
2291
3598
1681
2377
94
1119
2246
3579
974
499
1607
2300
1482
2728
2382
1419
3271
4458
2279
2342
1058
2253
1956
4526
4653
4628
4542
67
839
4526
3827
2233
3391
2390
677
4358
2013
2483
4682
3012
3463
2625
591
1836
668
4987
1542
4962
3091
3108
3638
1417
4140
2790
3889
4422
3902
2026
1054
1986
2979
2615
1419
2711
710
3625
4030
3199
3555
4360
2425
988
1931
1978
2397
4404
1275
1433
2797
3244
614
2879
3947
1699
4431
4208
652
2413
1101
3864
4375
3101
3677
1606
1588
4609
1316
2355
2840
1851
2121
804
4563
1494
673
1929
3161
2839
1052
66
3400
761
3608
1712
634
2154
1284
4700
3912
4751
3747
3903
4470
4759
134
1139
1663
2188
3682
4410
862
295
4014
4150
339
3047
386
1628
1680
2004
1655
2167
757
1537
1251
3330
3784
3778
2957
742
492
2217
742
1684
3964
342
3461
4135
4132
4237
2685
1403
4511
545
4445
15
4155
3693
3178
1010
4406
3794
3647
2296
2435
4126
4125
2235
1136
4602
1614
2092
2371
127
2396
2532
3135
260
3674
1797
1637
4077
4613
728
2853
1644
2533
2297
568
1014
2560
788
445
2138
1498
3299
1155
1618
4217
3711
3087
4684
3326
1787
1683
3324
423
2551
4920
1957
4694
3608
1978
4562
2156
560
2614
4669
1300
3174
4289
2119
3450
2457
1561
2994
3583
1298
4793
1629
4923
3825
2691
1115
3069
1148
719
1185
2944
3627
4911
4905
4351
2333
3109
3075
4413
4855
3175
2725
2678
3106
190
3650
2172
3294
2176
4350
2182
699
1383
1310
1044
4423
656
3018
4727
4775
1928
2617
4488
3428
1355
612
4378
4019
3142
1532
1887
3351
1574
952
2501
836
3295
1781
1458
1358
4364
1228
3484
4188
4114
2342
3787
3134
349
1547
1088
551
2913
1059
987
401
159
2611
416
2992
346
1379
1489
1566
2503
1517
512
3386
3787
2215
444
486
2860
679
2583
2735
1333
937
765
3366
2790
4886
3849
4637
1433
4482
4783
3777
4881
1473
2013
1862
3143
3594
1536
801
3313
3621
360
1059
2003
188
4674
300
51
1787
3479
588
1541
2837
999
4311
1658
3251
3611
1481
406
385
4622
3566
1740
4794
2623
1518
115
3686
1750
3136
4010
3496
4601
2441
3438
468
1097
1200
983
667
4079
277
3398
3319
4914
940
3287
3890
4883
3806
2903
803
655
561
4608
2206
4603
1132
4998
1696
3261
1435
2257
4406
4694
4398
3743
2352
3068
4371
3357
463
1195
2615
718
2187
4342
4008
1667
1081
1078
2620
2154
2298
4443
1336
15
369
4222
3155
1685
2195
3605
4342
3371
1643
1008
2078
3723
4669
350
1775
2532
1354
546
1695
2472
3779
2523
47
3446
1134
4517
2211
1544
965
3949
3244
2148
2977
1650
3322
4224
4285
1722
1280
327
2535
2817
3911
4344
781
4111
1159
1520
547
1758
4890
2786
1964
4101
1374
2926
2390
1427
150
4613
2431
3546
4423
2847
752
965
647
1822
1601
2960
2457
3758
1436
3299
1606
1724
3578
1925
1049
993
2282
3362
2856
945
140
126
1085
2066
222
1941
2286
60
1853
4010
3788
1612
1452
154
2426
3840
2308
4075
3861
1949
4736
4542
154
2138
485
2774
753
4276
2830
2795
4531
1388
1240
3057
3060
483
2032
98
2753
1737
3920
2527
1040
596
4861
1106
4237
4795
4103
3225
2259
846
853
2538
2829
2019
3455
2043
359
2352
492
1402
2131
3712
2724
1757
1957
446
2256
3844
3962
3655
2852
2685
1657
4611
2797
4618
4939
4362
4213
4979
202
4047
238
2185
1184
2954
3974
1527
739
3860
602
4433
1157
2667
1587
1495
3216
1886
2360
31
1609
4981
2400
4482
1900
1124
4109
395
1671
2371
4397
308
1021
2808
373
2288
55
1688
3059
4424
3544
96
524
1045
388
3164
4352
3947
3061
2385
841
4417
4670
37
846
4319
3812
258
4678
2045
4855
3809
946
1592
3829
1043
770
559
2558
122
1257
341
1206
10
4655
4300
1887
266
2077
2197
3493
2185
3228
1665
402
3301
1005
6
216
4792
2415
2085
3193
3818
4681
2616
3520
319
2974
3615
91
313
3649
290
1941
210
4420
1167
997
4194
348
732
2298
4182
2080
347
4343
4408
221
757
4717
162
2261
1935
3668
2697
955
3573
768
4862
559
1980
2332
4473
4846
1687
4742
4961
3279
2522
1342
326
4284
447
3042
3928
1989
2940
312
3151
370
2195
1701
4461
1193
1926
1546
902
4652
1059
2031
1552
4134
84
2242
4972
3987
3359
4388
1182
1721
3145
4827
4195
3534
3643
70
4634
4576
826
411
4476
2860
1346
1335
3436
3213
1292
372
4045
187
3079
4544
4928
1336
1262
1063
4336
4748
536
1435
3450
2267
1726
1639
1491
2279
4027
3512
2165
3496
4294
21
3487
3630
1645
4567
493
4359
3173
1975
2893
1507
4044
1328
2182
1833
2757
3316
246
332
4854
2223
3998
4468
857
246
3059
4231
1714
4276
42
4434
2541
2806
444
3150
2931
3128
1691
2698
4617
1462
3370
2090
4770
1183
3164
2327
719
1807
542
3475
4357
3872
2714
4908
2038
2398
4902
2634
3222
4053
4444
105
3668
711
763
1420
1451
4529
748
3330
1576
2223
1556
4944
2480
3689
381
1549
201
2619
3216
1443
3495
4284
2143
2201
678
3124
3179
262
1478
316
4204
256
4684
3961
17
2973
4858
2060
4038
3384
3911
930
3689
2611
802
4209
3995
262
165
121
1420
1035
3123
2142
2488
1994
1087
738
4204
4422
814
1317
813
1666
1501
1063
3935
1874
2210
4797
589
2022
387
2536
1161
2160
4774
3888
1824
1260
3479
1958
3460
3580
503
1909
1605
1962
1486
1831
4447
1950
1968
1091
3419
3146
3942
3806
3402
1716
3973
2594
2089
436
3677
273
521
196
835
4649
4344
4368
1916
4061
2801
4939
4303
3831
9
1815
3999
1278
537
4215
2086
4454
3823
535
732
2259
4458
627
2017
1086
2877
1850
359
656
3474
2852
1835
4200
4684
1445
1156
640
3060
503
4598
3936
870
3292
4658
2235
4257
2116
4718
2002
1485
1708
4506
4774
3302
1263
4620
1692
4954
1520
917
3483
1882
794
2026
1027
3634
1376
785
4186
3014
196
2869
4029
13
164
3401
1138
2546
1084
4822
114
3521
1566
1801
2981
1287
814
1467
1609
2973
1731
4743
1829
2763
4218
2071
4400
4637
82
4296
471
1595
3472
2001
1702
923
3232
4071
2705
2500
1083
3761
949
4702
2044
3065
1795
4923
999
3647
3817
4245
1802
133
2054
3291
2851
4034
4369
3791
512
4087
3550
2891
4317
1290
324
4737
330
4419
4936
1371
1604
4305
2447
2456
2110
2648
4410
877
3070
3656
2077
3738
3081
4291
3798
796
954
1390
1765
4854
2650
1464
757
1145
1247
1434
4046
251
1323
1102
4110
1569
1673
630
3331
1868
2760
3808
2302
970
2808
398
932
4074
3949
3326
4982
2765
2316
4017
3201
4237
3507
1637
2711
760
2310
4538
2802
3917
3105
4682
4791
657
4845
3318
3104
678
2022
3711
228
2183
529
4181
705
533
4816
2255
1808
1840
258
3201
1070
1010
2127
3724
3307
1291
86
4115
2305
4842
4605
4628
4821
1357
4208
4358
2050
4282
4957
3426
1227
1648
1076
1720
2500
1052
3125
4999
3760
821
2634
1633
3547
1897
4587
748
4725
2452
1686
84
4051
4789
1780
4315
324
1545
2381
2144
1236
735
3656
2930
1617
1659
3826
1136
3205
1221
3351
4388
3603
2663
1827
3411
4589
1279
3993
4641
2425
4112
3751
3767
317
3180
2620
1025
705
4256
1511
1478
2507
744
2240
1107
1000
4663
2686
1957
485
4289
1998
2154
2382
477
4753
4040
3934
1194
482
1236
149
1297
2454
2897
4161
2090
2146
946
3652
2678
3282
3567
3492
2675
1864
745
2258
3263
1096
117
2789
1161
2603
3940
4426
2532
2859
430
2099
1335
1224
278
4919
4189
3500
1610
4421
1252
2410
4171
132
159
3904
1024
2600
2551
712
3540
1554
218
2025
2957
4347
398
733
4292
2343
2251
2122
897
386
4052
420
415
2039
3126
2125
450
718
3055
2494
4701
4395
199
4122
2870
4023
4049
4001
95
3332
3447
2974
4221
171
3217
3988
1664
2022
3215
3050
164
875
4352
4301
4202
95
3602
3094
1365
3454
2545
3514
443
3972
1458
4210
4529
2731
3503
3978
4916
320
1020
976
4063
1052
3490
1997
3416
2636
4161
686
4361
1429
4896
1130
3099
953
1267
707
2712
3811
2422
3615
3209
4673
2750
3973
2835
4479
4903
4920
1419
3523
1168
2595
4043
3564
2748
1421
813
1635
3980
4599
1023
692
1003
1201
2475
4760
1930
3792
4252
3754
3044
2974
3717
592
3047
2749
1026
801
4898
3139
1924
2229
2274
3925
2123
61
176
954
4027
4755
1722
3893
4092
3088
647
1840
1603
4947
1552
711
2154
1027
2426
3799
1594
4104
1474
4407
3746
4011
2789
1974
2658
4010
2880
592
2678
3680
2617
1320
2137
1010
1594
2202
3915
3825
4462
2403
3663
3221
1254
4355
3992
4159
1237
330
371
863
2317
2346
2047
2208
535
1800
3753
4715
1683
2755
1482
3338
4568
272
3128
2696
2955
2691
2246
3890
732
4278
741
4577
2311
2147
3747
2455
2804
3839
2486
4807
14
4496
3387
4270
2753
18
4249
3476
2538
102
722
3733
3184
2599
3890
390
324
3056
2247
50
403
885
3830
2285
1154
1041
1806
1006
3110
2625
4282
3154
4161
3321
1628
4855
1714
1064
2092
2707
4455
1853
3986
345
3276
117
220
2951
3375
526
3483
4858
2073
2674
2828
2900
4372
2524
4962
682
792
2024
1009
1402
4511
813
2040
4405
2345
1403
4134
3102
1599
1759
1271
4435
2311
1675
1822
2520
1939
1859
1928
1643
2000
2127
1540
1257
3710
2611
1414
3134
2148
4399
1825
3333
972
3498
1300
4141
2232
4534
1132
3638
3293
3102
3980
3045
412
3153
2305
4516
1001
3346
4960
4518
4094
3756
2678
473
1068
1851
769
796
1127
4146
4793
1008
3609
2430
2489
1067
1615
985
2751
1571
4016
3697
4921
3999
359
2464
4186
2643
705
808
1366
3378
4926
4106
2858
1945
3502
324
4038
1881
4338
2693
1880
4770
2643
3198
96
2967
3390
3315
2561
2439
3402
888
3309
902
2588
4548
3886
3884
1350
4598
1336
3897
3720
1752
2605
352
3227
2640
3639
384
1045
3497
3962
3244
3450
919
17
3407
3110
1116
3040
63
1244
1552
4767
3138
190
1381
1734
3504
3391
4601
1469
2532
2356
2301
1348
3655
2610
2940
3397
1084
3167
2047
821
3334
1565
244
4551
1733
3985
1010
570
1543
2489
2095
1321
877
3914
1968
1964
49
2440
230
4769
1519
373
3390
2424
3095
4179
4899
3543
4536
282
866
1145
228
2677
352
2406
3074
1879
1651
440
2260
2240
3457
1405
66
2165
2344
2717
347
4264
434
646
3878
4964
4690
3075
3194
615
1720
713
2081
4621
4504
2527
2394
2632
4957
3697
3339
316
3722
1846
880
757
1108
4859
2434
1003
577
1041
4506
4787
3689
4917
3410
978
2900
4450
1757
4755
1138
2951
839
1074
4545
1468
1581
2432
2302
4942
4219
472
4941
2891
4345
3457
49
2931
494
4145
1767
2888
915
91
3005
4805
4694
923
1753
1604
4869
4596
422
4706
3711
2186
4604
3375
2820
3236
162
4067
3186
1183
55
581
2882
913
4812
3271
2536
2964
3043
3119
1248
1411
922
3938
3094
4959
2010
3497
1895
3286
1368
1834
4380
3159
326
2559
4421
1358
841
405
3493
3937
842
832
4998
3852
4461
4940
2636
1491
3567
499
455
141
4511
2353
4754
906
1467
2997
485
4133
306
1597
2310
1849
4388
2240
2979
3270
1178
4695
4174
2883
1112
3463
2481
3160
2591
3402
646
1411
4532
2700
1770
2829
375
1491
1599
4239
4948
1879
1567
600
3097
2663
2747
3771
1498
4543
3368
598
2541
4081
46
4823
1707
2202
401
4878
2328
528
2204
2066
4161
1301
1708
1180
4649
4200
1334
3089
4311
821
4350
1306
133
107
1718
2095
3396
501
3743
126
830
2113
1704
4217
497
4682
2109
204
1330
4597
3727
454
2709
1787
66
2057
2998
4734
2448
3242
3443
4411
1328
28
1336
409
1030
2648
3853
49
540
3793
1475
3751
528
3179
2388
2442
4237
492
1786
292
2412
1229
2463
3547
4920
2477
617
3753
4209
3144
3263
1140
3271
696
1161
1456
3271
3912
3671
2033
3479
3696
4439
356
3676
1482
4314
927
1697
2251
415
3702
1240
1703
2740
4880
2630
4614
2236
3325
1667
3893
1723
3407
4235
2400
3594
2542
1814
2026
683
4203
557
2087
4214
4699
4090
1554
240
4490
2685
2148
3468
2325
3973
1843
4890
2988
2835
798
2112
1921
654
4245
3803
2517
1554
4383
2152
4366
809
785
4753
3215
3056
1375
4827
956
491
3478
1165
1388
3677
2005
1729
64
151
4272
2292
3982
3456
3517
4037
4421
2782
614
1517
3682
845
1046
4881
4033
189
1641
2778
4632
538
4123
4832
4709
2382
4996
116
3786
4429
3801
510
2226
98
4269
358
2877
696
412
1332
2111
445
2067
3909
1018
1006
1946
4363
56
668
3701
3683
2923
845
3053
2316
2946
48
1503
2155
2754
2981
4671
4658
526
4920
4771
1530
3595
4039
4283
1849
2682
1818
330
2054
2550
4215
1796
2708
2352
3741
3729
3428
1463
102
1042
4899
4063
4554
1054
4370
3269
650
1906
3547
3088
1502
1369
283
3965
1249
3086
2972
233
857
4784
4058
207
933
466
1556
2248
1686
1146
2
2534
2714
1123
4730
2860
2748
4357
886
4215
2039
2954
1086
4437
2512
2311
3121
721
3372
4932
1618
266
2300
2465
61
4826
4901
2981
2083
2472
2560
3028
3426
2323
1368
1487
3489
545
2258
4777
2855
3380
29
419
713
507
1397
3502
3581
4505
4736
3088
4232
4693
1666
3068
2231
1148
3142
4523
4991
2161
202
4107
752
925
2032
479
2390
4731
1492
3337
3463
2460
784
2060
398
3640
2389
3504
2230
4862
2950
979
1792
1830
254
3942
4768
2824
959
430
516
1861
4233
1772
1062
2339
3955
1601
2174
4438
4643
3715
2925
2056
3749
794
2643
2580
497
3532
1668
247
3903
2184
4807
1401
147
93
3904
2406
1939
1197
3425
3518
53
1069
472
4473
4668
3512
3118
92
1680
2244
3489
1678
1648
4694
4480
2481
1513
2460
1524
3020
1767
442
3318
4534
4206
4185
2902
1358
2947
2474
3017
490
3847
4699
2127
4138
4983
27
26
3525
3359
2915
4433
4739
490
1987
2472
4902
2013
1819
3460
4445
3993
4644
1896
3764
1075
1535
2057
46
4132
68
3121
2539
2578
3019
1205
2054
3992
116
2237
2976
1213
2375
2067
3559
4562
1060
2714
2808
4349
792
1169
4696
1316
3840
4643
3034
180
118
3693
2743
3922
4942
2097
831
3991
4045
4912
2847
4070
2907
3618
3089
2557
4927
4732
4366
1434
453
834
569
1658
1224
373
2850
2751
2234
195
2691
1726
566
2168
2631
4027
3216
2837
2943
1614
3444
2490
47
872
2683
2569
4916
490
2530
2801
2293
1957
3864
1987
3964
2858
2611
3829
1893
593
4189
1716
4490
1702
1165
3870
1794
4439
1165
2764
2855
4753
4545
209
1092
3336
3884
2021
914
3888
4799
3677
1379
264
147
864
176
2647
2109
1323
3715
420
4222
1902
1590
1875
2860
2216
1226
3430
221
3833
953
3498
3330
1370
2327
3679
1105
4436
4946
2412
4007
1795
4569
3766
3311
1684
2796
1504
4528
4673
4113
1090
2007
2982
3559
4797
4250
2659
825
2555
1973
2529
4031
3720
3438
1307
4001
2400
4099
1807
2283
1502
81
3620
3715
3160
2523
3198
1820
691
2335
2727
2790
4745
2375
1714
1370
3798
1592
2680
4395
1648
3163
4868
288
2070
1163
2385
272
3280
2775
660
4599
2380
605
2651
4576
2420
2105
3688
3650
2249
654
1365
3357
1803
312
4389
2400
2991
3797
1791
4650
3827
695
1400
4331
981
458
3999
4201
3381
2197
2050
4978
2049
820
4416
1815
3804
1537
969
1095
4003
2264
3499
3329
969
961
1828
437
2270
2434
1537
3204
489
1623
2204
2170
3666
2929
2576
2758
3045
2586
1565
2908
3293
3623
1475
4004
2850
453
2385
3371
4557
2601
4071
4128
4226
4622
4385
672
2309
1728
493
583
1312
3162
1889
1225
4122
2842
1575
1818
898
4319
4322
4284
4679
4567
3418
3619
3378
3644
4813
1098
3297
4757
56
1082
1838
1749
1942
4701
4566
3561
4266
1217
4258
2680
4599
319
2125
2116
1485
1163
3844
2930
4971
1406
554
1860
1868
2042
2489
1059
4660
1305
390
4480
459
3427
2352
2953
3916
531
1277
2469
494
3440
566
2704
4005
4684
3233
327
4827
4480
2070
4108
2694
2983
1044
1369
478
4564
564
2800
2864
2425
1785
174
1315
4302
2595
4004
4253
2570
462
646
3846
4497
4762
915
3313
956
3785
4708
1152
4364
4045
3699
1202
4127
2060
1615
4934
380
1268
4127
4896
4297
4211
2902
692
756
2676
824
1430
1637
920
2943
1022
535
4647
151
257
2179
901
148
2044
2314
1517
2706
3738
1358
293
3776
2952
2592
1543
458
757
3170
179
1379
3691
3742
985
4495
3458
4952
2233
1865
755
1610
1307
3407
2105
2802
2483
4192
1118
3737
4517
2287
3079
2603
3214
1686
4278
3207
1618
2364
4980
1694
2983
1978
2439
3118
4192
1252
2875
1147
4763
2574
3807
1682
4110
3833
656
3680
2214
2042
4019
2946
1357
3757
1528
2194
4077
1836
692
3141
4997
575
1628
3930
1695
3731
1099
2652
2251
2490
1754
255
4654
2889
2972
3620
701
4737
2237
2076
4557
1556
3424
3160
3630
3586
925
868
1915
3373
1003
2213
3471
974
4295
341
1169
3321
864
15
3394
4755
1697
3720
3832
3285
3076
4196
2011
4580
2710
1658
4759
3246
4042
1504
1210
3402
2636
772
1546
3099
1052
4150
2108
4605
1110
2800
2043
92
4957
1785
4137
4755
3839
4388
1
1893
976
4091
2250
1984
2467
2501
3846
284
2612
4009
2253
4989
2562
456
3565
474
3711
1587
4259
2663
4727
4584
732
1041
3634
3447
4276
4350
3844
1514
1651
4501
559
2890
3909
723
1431
1084
3625
3496
2904
614
3195
285
1133
4877
4350
2613
3884
1061
1557
1503
2338
376
4436
823
4180
4393
1888
559
1910
758
3050
4552
2744
4087
2761
4729
4055
296
1687
1364
722
162
3754
1387
3312
398
1062
4288
3507
3018
3914
2635
661
1268
1135
1750
915
2918
3333
555
2763
4187
4248
3145
483
80
2860
3091
4327
4429
1400
28
3897
403
1931
547
3592
4790
1641
2926
1544
1810
4525
2725
947
4754
4589
3787
185
1227
3248
1669
663
274
1075
4038
3756
2175
1540
52
762
4182
1917
3282
2295
2995
4004
174
998
2229
4808
3613
3994
696
4866
3595
3980
4739
4340
4558
372
429
4557
1388
4401
3898
146
3641
4576
581
4419
14
1408
1662
3171
2578
2811
3499
4536
2832
4086
3297
68
4089
3884
1839
4695
2225
73
1530
713
4343
1886
